Gene.symbol	astrocyte_of_the_cerebral_cortex	Bergmann_glial_cell	brain_pericyte	endothelial_cell	neuron	oligodendrocyte	oligodendrocyte_precursor_cell
TSPAN6	0.21771264	0.57461464	0.04955905	0.13904245	0.21808359	0.08600002	1.37359453
TMEM176A	0.66688694	0.10809813	0.25798442	0.13523588	0.08123522	0.02119907	1.57496832
SLC7A2	0.453949857	0.239967217	0.256369995	0.008892884	0.010022004	0.002011071	0.128884375
CACNG3	0.0051249998	0	0.0017774301	0.0002943359	0.4404993093	0.0002436153	0
ETV1	0.218201901	0.261760636	0.193642357	0.008918516	0.219201991	1.284521039	0.714445368
LGALS14	0.004491808	0.002448792	0.100538932	1.326067404	0.002412195	0.014257771	0.005452604
PROM1	0.061826003	0	0.007210968	1.135271147	0.044771915	0.020840154	0.009772882
GAS7	0.13602213	0.63605509	0.01702892	0.01079826	1.00699741	1.53928478	0.16887667
MATK	0.008014806	0	0.001556616	0.007637385	0.465548774	0.005558835	0.156297868
MGST1	0.448110655	0.921434795	0.009598479	0.165193314	0.037787316	0.014386476	0.01760163
PGLYRP1	0.004991736	0.022055161	0.012308756	2.510927921	0.004281642	0.01038825	0.005211007
MAPK8IP2	0.021695851	0.029510128	0.001867016	0.004049059	0.493324147	0.029683965	0.186272832
ANLN	0.0242075536	0	0.0020799293	0.0003591812	0.0534970292	0.7703964114	0.007545848
GABRA3	0.0003615115	0	0.0008398098	0.0006591258	0.0764572449	0.0029633715	0.3024832283
CLDN11	0.102024086	0.039708099	0.001584501	0.008502547	0.019967439	3.064729075	0.185139413
STMN4	0.0343840349	0	0.0002928865	0.0012435341	0.3016369944	1.2627703674	0.2487632088
CNTN1	0.320331319	1.269295133	0.002227712	0.009927377	0.969496493	0.232537237	2.632009124
ATP1A2	3.43634854	3.40264978	1.83664686	0.12954529	0.08248285	0.17964633	1.80719764
PHLDB1	0.056868714	0.103449752	0.006672916	0.091096956	0.039857759	0.907185681	0.457987998
PLEKHB1	1.3793094	1.52854441	0.0154334	0.0592696	0.06595623	2.78923627	1.50435343
NRXN3	0.039006563	0.413162488	0.002006634	0.004663652	1.250952472	0.013202113	0.339101439
GABRA1	0.0028463973	0.0468250024	0.0024826536	0.0005774091	0.759978246	0.0044602167	0.1193464269
EHD2	0.02387544	0.001337858	1.767123153	0.659808005	0.007712303	0.009581641	0.033583826
FAS	0.0139759885	0	0.0603573352	0.6863913563	0.0003001245	0.0025634097	0.0002095522
AGPAT4	0.09000622	0.19948137	0.08263631	0.22159308	0.15656611	1.80182897	0.4888357
LRRC7	0.001384595	0.000488624	0.0002862075	9.868722e-05	0.2579019	0.002178634	0.06827669
FLT4	0.0001768715	0	0.00065519	0.3173197	0.005620761	0.0001050438	6.339025e-05
VCAN	0.066492496	0.0790951744	0.0004544035	0.0059872186	0.1052858889	0.0214557143	1.8277051762
TNC	0.0241481888	0.4353002967	0	0.0001384004	0.0136592077	0.0003532556	0.0284748748
GPM6B	2.71660664	3.65261918	0.015659	0.05229792	1.19781183	3.13089471	2.66563558
PREX2	1.04022016	1.06709434	0.02004023	0.49356846	0.02700922	0.03082976	0.04014699
ARHGAP6	7.549787e-05	0	0.2472968	0.0172751	0.02142383	0.001479886	0.01479069
KITLG	0.0109928631	0.2482628382	0.2588754442	1.0397093059	0.1645781741	0.0014157337	0.0003174552
LTBP1	0.309907333	0.113155339	1.636363597	0.009209366	0.00979585	0.014177569	0.633742378
RCN1	0.09030847	0.03671506	0.04008677	0.08464404	0.34736523	0.01294509	0.95207585
DKK3	0.915283448	0.30680408	0.019168395	0.002155055	0.199876033	0.015798719	0.068188372
NRIP2	0.006827655	0.006378991	2.118103674	0.006788603	0.05196437	0.014223369	0.00872085
ENTPD2	0.850827134	0.124291238	0.016546115	0.011826673	0.008180648	0.002915549	0.054481919
FOXC1	0.002171582	0	0.6837373	0.4963271	0.0001138807	0.0007048214	5.802495e-05
PLEKHH1	0.012842398	0	0.004438556	0.007393518	0.015551218	0.529325306	0.029412442
RASGRF1	0.022727795	0.068614609	0.008143893	0.00376313	0.742961331	0.004009513	0.286421155
CAMK2B	0.019771929	0	0.022131469	0.007078717	1.625233395	0.041006322	0.247756665
ATP2B4	0.042275552	0.008322324	0.631370905	0.041888142	0.106168619	0.006676576	0.0939641
DGKG	0.014838205	0.018076611	0.606417189	0.001492739	0.559837706	0.003916584	0.012115281
VMP1	0.4469246	0.3864057	0.2339312	0.3236646	0.6936616	1.8116105	0.7488403
SEZ6	0.005246081	0	0.006196264	0.005203042	0.609477093	0.004316034	0.380838217
ST3GAL6	0.0556375	0.26661431	0.10334522	1.43607357	0.01582834	0.02052666	0.36398352
SLC12A2	0.08429419	0.12592021	0.12766712	0.04464925	0.15315627	1.3705609	0.33160524
BCAS1	0.130634433	0.0959774	0.009422335	0.042950929	0.035324134	1.266416336	1.024282058
CALCRL	0.006713379	0.062515107	0.216741215	0.414717804	0.006008287	0.005805134	0.721919882
SLC9A3R2	0.05676017	0.16586177	1.07707117	2.88332822	0.23197112	0.28534077	0.25377528
NTN1	0.009957219	0	0.04247555	0.04613423	0.042124811	0.005267951	0.384068053
MYLK	0.015333642	0.0005315611	3.1579053642	0.1501286101	0.0103153523	0.0061154075	0.0133231808
TIE1	0.003485356	0	0.03885735	0.89105	0.0008366049	0.0003033107	5.902613e-05
NGEF	0.6785417121	0	0.0039831375	0.0003833564	0.7048740197	0.0127963728	0.1531478554
FGFR2	0.405553058	0.6267646	0.008388994	0.002801741	0.029022834	1.123602121	0.05339545
KIF26A	0.0007088601	0	0.0047032752	0.3132237554	0.005990127	0.0011923838	0.0283131504
TRO	0.0038875725	0.0002941007	0.0011499842	0.0006623587	0.5779362467	0.0119543248	0.3412357001
PRKCZ	0.0566206	0.097718554	0.003257442	0.011895245	0.606845456	0.956766664	0.358307178
SYT1	0.02198204	0.0638054	0.01064586	0.01002937	1.77776482	0.02583359	0.03695351
FGFR3	1.74897437	1.09910864	0.02809785	0.06954596	0.02163466	0.02458591	0.225527
REEP1	0.0036556397	0.0005776647	0.0413776992	0.1054085236	0.3009680052	0.0042244896	0.587680288
RASGRP2	0.016767536	0	1.009080439	0.364677102	0.245460387	0.007010348	0.07918311
SIRT2	0.566749	0.827615	0.4783731	0.4035116	0.2649544	1.8825313	1.9364077
CLEC2D	0.0019380023	0	0.0835743403	0.3921783333	0.0062735648	0.0036581486	0.0006935515
ATP1B3	0.5658309	0.4473895	0.7081649	1.0015199	0.5690955	2.2946449	1.0725713
SLC44A1	0.20986481	0.09789595	0.04580209	0.14069445	0.113305	2.25608682	1.01800716
ST6GALNAC2	0.003310865	0.001332413	0.147131572	1.034567058	0.00730331	0.005811765	0.012166899
ACTN1	0.003635455	0.015422659	0.49040495	0.058283824	0.126583872	0.00360161	0.002287178
LNX1	0.048684021	0.003634661	0.001596792	0.011795877	0.053587125	0.014303317	0.870472319
CRMP1	0.0264228385	0.0006035128	0.0019163715	0.0002615919	0.8348902931	0.0299550423	0.3071762639
IRAG1	0	0	1.273792605	0.0105935553	0.0021498149	0.0004333802	0.0111901968
ADAM11	0.049891491	0.268887117	0.03237037	0.023218851	0.132036881	0.007587645	0.15990606
NOTCH3	0.032477362	0.001097688	1.149687143	0.021872267	0.037347188	0.001939899	0.004739744
ATP2A3	0.0037347567	0.000480122	0.7324112932	0.0738039965	0.0003927403	0.0042734546	0.0003181017
MGLL	1.7805925	0.6381077	0.9925609	0.5364707	0.507595	0.2398926	1.1174575
NTN4	0.0036318997	0	0.764414436	0.0127756241	0.0047212815	0.0001685072	0.0306907925
KCNQ2	0.008067518	0	0.014231981	0.001900446	0.385406455	0.008118371	0.12611661
SEMA3C	0.0047217851	0.0241419621	0.0102434321	1.1412007619	0.0437564649	0.0087574807	0.0004360564
CELSR1	0.1951683566	0	0.0008282742	0.0048381092	0.0187799076	0.0031255786	0.0089552722
ADD2	0.0010291471	0	0.0013269217	0.0002604178	0.4787818837	0.0077285548	0.0778143622
CACNG5	0.0267187949	0.8690544407	0.0008000925	0.0001035606	0.0744403984	0.0123435415	0.1293134044
CACNG4	0.030736445	0.210621113	0	0.001124554	0.122845638	0.005187358	1.366380527
FSCN1	0.043079347	0.3843084	0.013864938	0.007512821	0.406713195	0.800263951	0.602137848
SPAG5	0.06557606	0.490287	0.0001474023	1.106788e-05	0.07237544	0.0005878027	0.003472631
TRAF4	0.06149422	0.32371273	0.05481104	0.0130099	0.17889563	0.02887732	1.63645485
RAP1GAP	0.0582783918	0.0272664829	0.0304758975	0.0003332242	0.4802883112	0.0414608143	0.7424527161
ACTL6B	0.01143454	0	0.0006774423	4.938835e-05	0.4466991	0.00263177	0.0710138
PPP1R12B	0.06567	0.05278865	1.12175928	0.03332525	0.14296706	0.05140208	0.06991602
FGFR1	0.73433405	0.50033596	0.59806344	0.06112152	0.10052959	0.03888171	0.26890978
ITGA8	0.00533354	0	0.303788265	0.006547047	0.015363933	0.001096114	0.036448871
ADCYAP1R1	0.741393479	0.808825995	0.036219955	0.009666669	0.141646479	0.016431523	0.964400525
ITM2A	0.0262003787	0.0002900837	0.0661504641	4.1001144542	0.149805705	0.0167440653	0.3916584244
SLC1A3	3.402048217	3.639372433	0.003210886	0.03620138	0.150665958	0.310628688	0.984159496
LXN	0.89461666	1.87119928	0.11505791	0.28649056	0.08856081	0.029186	0.13033518
SP140	0.0056331954	0.0003581002	0.0171358177	0.7334750416	0.0015874549	0.010588658	0.000903463
SLC4A4	1.774031715	2.640383552	0.012691253	0.001322184	0.379079726	0.042649424	0.197068813
KCNN2	0.4627542872	1.0630629302	0.0001239665	0.0017779944	0.1335445907	0.0105706125	0.0555488895
CPOX	0.110607	0.09065671	0.08742641	0.10200254	0.21204432	1.18842157	0.26512109
SEMA5B	0.058403709	0.0151372752	0.0265697538	0.0004909153	0.111833147	0.0011751436	0.6205785209
RNF13	1.0380254	1.1501128	0.4535213	0.3333663	0.3647191	2.4651875	0.9410314
TRPM3	0.239691755	0.677881022	0.04613314	0.003539792	0.113555035	0.014506499	0.052165915
GSTP1	0.6326323	0.5357089	1.0769602	0.7366812	1.1256662	2.1779742	0.9159263
SLCO1A2	0.0010320633	0.0104734214	0.0149649572	2.1942816426	0.0013370273	0.0008213858	0.0003242469
NKAIN1	0.0623983524	0.0002900837	0	0.0008631515	0.2355597647	1.1901975059	0.1282435388
CD59	0.002432571	0.075725635	0.292076933	1.081913895	0.118384643	0.112112473	0.007844938
CD82	0.178750828	0.053892216	1.101449884	0.081346162	0.009952836	1.683658447	0.119740209
ABCB1	0.0029707971	0	0.0123745487	1.497007153	0.0033204521	0.0006184103	0.0001470734
MMP2	0.018132293	0.012224156	0.002012672	0.005927454	0.023629094	0.013480883	0.598150069
MT3	2.26412306	1.98212537	0.01144404	0.01443342	0.69256156	0.21123444	0.60912237
TESC	0.0100355153	0	0.5766246425	0.0003756574	0.6631699109	0.0071789747	0.0005376798
RPH3A	0.007584557	0	0.001457211	0.002658832	0.633455657	0.021478125	0.145128765
CHGB	0.021173985	0.087600701	0.0051541	0.001715774	1.665164552	0.015520834	0.376917051
LTBP4	0.01285313	0.03687539	0.19922216	1.23599457	0.03047771	0.0198373	0.16825156
PCBP4	0.19283007	0.63479813	0.07788353	0.0526896	0.36786067	1.32731616	0.6355028
PLEKHG2	0.0136551098	0.0006305867	0.2895925668	0.0735639584	0.0088099466	0.0034748108	0.0394787785
DLL3	0	0	0	0.00143941	0.110270578	0.004042429	0.545355902
NRCAM	0.6968627567	0.7782924598	0.0006705193	0.0025023675	0.3641538864	0.0188499436	0.5711492157
ITGA6	0.228919501	0.090076922	0.004751266	0.829978146	0.011365636	0.003898153	0.010462698
TF	0.25553561	2.72583649	0.02137427	0.09848142	0.0953561	4.65890941	0.29546586
ANGPT2	0.0062984379	0.0008627858	0.4773868837	0.0851233083	0.0061039162	0.0005413133	0.0153413068
TYRO3	0.042046011	0	0.0007087242	0.0006097048	0.2533975885	0.72707746	0.1789711141
TBX15	0.0060350467	0	0.2418638013	0.0013722634	0.0002820445	0.000675215	0
EZR	1.13753936	0.31656249	0.01794021	0.11575443	0.18498506	0.03182825	0.01139515
ACOT7	0.19352589	0.07513334	0.14683317	0.02730972	1.29581872	1.70920714	0.44840912
SCD	2.1678501	2.4736758	0.155073	0.2166703	0.60977	2.721398	1.6504334
ABLIM1	0.155721362	0.017900786	0.294096975	1.92467484	0.254694203	0.013868613	0.006430078
NRP1	0.17014531	0.12598257	0.2550872	1.03607504	0.0800345	0.00161422	0.04957311
PALMD	0.0258931015	0	0.0057778862	1.1319921135	0.0190782342	0.0005414262	0.0244878651
TSPAN15	0.64135811	1.64527014	0.13593383	0.08972835	0.03322587	1.47348672	0.34528155
SUSD2	0.01232734	0	0.4395767	0.0004865302	0.01043978	0.002159023	8.584089e-05
PRODH	0.86876262	0.590891805	0.068776237	0.039494307	0.008809683	0.012302246	0.021814144
SEZ6L	0.022762282	0.009600298	0.022173097	0.002633182	0.346193385	0.026739227	1.108979432
LGALS1	0.17433335	0.1618335	1.23493409	0.02615821	0.01869215	0.03547141	0.02078904
SOX10	0.0264691942	0	0.0001452631	0.0028263755	0.0258725793	1.186080932	1.5563354591
SEPTIN3	0.069791865	0.0031988196	0.0097209016	0.0006013913	0.9961188098	0.0265221699	0.3976313906
RAB36	0.0561276109	0.3444581502	0.0212358937	0.0008546679	0.1202973825	0.006683129	0.0410707675
PDGFB	0.0001719338	0	0.1590983639	0.602237302	0.0363557522	0.0008873839	0.000175375
CACNA1I	0	0.009412005	0.0002611989	0	0.1890449	2.864998e-05	0.001006396
KIAA0930	0.19678954	0.10364808	0.01883945	0.07311558	0.09277216	0.98335782	0.22604523
CHADL	0.216538183	0.084680995	0.041406216	0.005535297	0.105621345	0.186544899	1.39224015
MLC1	2.379093412	2.0238076	0	0.007601606	0.067434465	0.102966202	0.071751687
TRIM9	0.7657418466	0.1502769612	0.0022472882	0.0007011393	0.5794646832	0.0218637023	0.3937037923
ASB2	0.0001192595	0	1.6530861558	0.0023214434	0.0617475109	0.0011401282	0.0051480129
NFKBIA	0.5193591	0.3465538	1.2659888	2.9376128	0.3480674	0.9180876	0.3418558
PLTP	0.208944176	1.85822727	0.187176412	4.254606616	0.037442961	0.026682013	0.004018423
PYGB	1.0185005	0.6984509	0.6837555	0.0574073	0.1653815	0.1392845	0.1529785
BMP7	0.134350352	0	0.000129993	0.004712237	0.009792616	0.005699453	0.54023439
HRH3	0.006144243	0	0.001033426	9.960272e-05	0.259534	0.0005095458	0.008507668
SLCO4A1	0.0240034876	0.8717813636	0	0.0001873273	0.0060407214	0.001098732	0.0004718639
NKAIN4	1.35758079	1.3466051	0	0.0134439	0.05382451	0.02781677	0.51822275
CHRNA4	0	0	0.0001648487	0.0002178083	0.02706541	2.630078e-05	0.4782189
EEF1A2	0.0003163031	0.001291911	0.00123094	1.741959e-05	0.1934302	0.002225762	0.02024083
SLC52A3	0.0002311022	0	0.0076070846	0.7485555189	0.0004801506	0.0002105669	0.0013059306
MYL9	0.10288736	0.14495215	4.7877413	0.12537979	0.02289702	0.01800963	0.03988346
CST3	4.725067	2.669154	2.836531	2.328331	1.184311	1.153952	2.231878
CELF4	0.04583703	0.03465651	0.02463432	0.01398032	1.48143747	0.05625097	0.1306188
MYOM1	0.0050563887	0	0.4966296849	0.0015319198	0.0004557138	0.0012366818	0
LIPG	2.562319e-05	0	0.1630658	0.000505058	0.003392319	0.0001911826	0.0001704817
RNF125	0.014533222	0	0.010184422	0.772616212	0.008371792	0.034023871	0.010935681
GUCY2F	0.0041560433	0	0	0.0012462607	0.0072445956	0.0007728776	0.1580056104
CHRDL1	0.4681547476	0	0	0.0005414936	0.0023182123	0.0067513703	0.0240343691
DRP2	0.1006400881	0.2804757258	0.0072817434	0.0001255796	0.0826195986	0.0048318927	0.066092928
BEX4	0.01568856	0.02087501	0.0004551275	6.005796e-05	0.3997426	0.008233901	0.2579521
FGF14	0.01958192	0.0769579	4.154455e-05	0.0008761192	0.3469041	0.005697347	0.09996132
FGF9	0.001421167	0	4.154455e-05	0.002577152	0.2647913	0.008082219	0.0002234728
FLT1	0.0125259135	0.0006035128	0.067485387	3.0806267263	0.0036578077	0.0023079803	0.0056989115
TSC22D1	0.678044	0.5310146	3.0363676	3.6736911	1.3694786	0.1367957	2.3843265
PLLP	0.09073787	0	0.01097512	1.67125721	0.04747328	2.52367929	2.78092295
MMP15	0.03859021	0.11790055	0.02007054	0.10199404	0.02405799	0.01223879	0.50003097
FA2H	0.0332766616	0	0	0.0009405449	0.0092514641	1.2862593588	0.2960166648
WFDC1	0.0593721337	0.1943089069	0.8777220184	2.5370053848	0.0068779731	0.0010101349	0.0005147494
COTL1	0.24696762	0.64624277	0.01949708	0.01067783	0.14309667	0.05661185	0.31314534
CRISPLD2	0.023697634	0	1.941015595	0.010926581	0.009333594	0.002581584	0.001365707
SLC7A5	0.053106235	0.12766775	0.018259031	1.038170066	0.065953836	0.001176042	0.060762873
METRN	0.709689891	1.567940511	0.065395314	0.007409291	0.02543574	0.388107601	0.431548672
TOX3	0.0272402666	0	0.0002881589	0.0124176665	0.1077273484	0.0035869607	0.2647921614
XYLT1	0.105300669	0.028861984	0.002520865	0.001318056	0.02549016	0.00661664	0.562397623
RASL12	0.0038776061	0.0006440628	1.9263486336	0.0086550424	0.0013836244	0.0431247974	0.2293299538
ACSBG1	2.643421107	2.954552261	0	0.006696431	0.072356102	0.105985755	0.196320563
IGDCC4	0.3465325	0.3461521	9.803222e-05	0.002428328	0.0274042	0.002289335	0.07049203
CTSH	0.043573981	0.014683936	0.088965457	1.718659063	0.015386211	0.011441731	0.002540274
SCG3	2.418735131	2.381109368	0.00272111	0.009624557	0.713185961	0.271096958	1.005516859
ZDHHC2	0.010313404	0.067481309	0.002795649	0.002199211	0.189604339	0.032747237	0.75351065
CA2	1.94265298	0.50743548	0.03267868	0.68486338	0.07780769	3.50553346	0.34803736
PLAT	0.12499004	0.05467545	0.9647887	2.12733763	0.11493402	0.30480806	0.42760331
STMN2	0.038454036	0.002018079	0.02461703	0.315643467	1.364292728	0.041123438	0.032212527
ARHGEF10	0.070703093	0.128043793	0.045319952	0.13652615	0.006379288	0.825147047	0.117417781
TUBB4A	0.1990628	0.6256828	0.3977564	0.0344577	1.3721055	4.0535771	1.5678546
LIN7B	0.0198374945	0	0.0191529779	0.0002027661	0.5265912573	0.0058290736	0.0287804618
FCGRT	0.452132589	0.491578263	0.892793191	2.063641445	0.027966067	0.007958083	0.025717913
OLFM2	0.046846974	0.321859283	0.012646241	0.001654449	0.216173322	0.011233633	1.674789472
EPHX3	0.0055140854	0	0.4951523719	0.0064181127	0.0006138123	0.0013001779	0
APLP1	1.9970774	1.7377474	0.2138017	0.1223581	1.5799663	4.0825522	1.3382673
DENND3	0.0006372535	0.0216922542	0.0032810631	0.3686795769	0.0099513103	0.0001647734	0.0074125131
ICAM5	0.0016714548	0	0.0009029748	0.0011587852	0.3694540874	0.0057450349	0.024354665
ATP1A3	0.015208128	0.012960626	0.011017175	0.007322983	1.752881447	0.017542717	0.457781378
RASIP1	0.02829042	0.08283005	0.0598678	1.17855005	0.09804156	0.016615	0.05543693
ISYNA1	0.02028066	0.0779859	1.29703097	1.71611084	0.3463549	0.0107691	0.04570768
MAG	0.12474673	0.003481715	0.006232223	0.012933123	0.05276477	3.642291468	0.243792604
TMEM59L	0.041836991	0.10864821	0.003148771	0.004750669	1.314789469	0.141177927	1.267141154
LSR	0.004151968	0.0005908634	0.051112199	2.098520774	0.0144397221	0.0047474547	0.0106118952
SCN1B	0.06471576	0.1989343	0.11811001	0.01186471	0.80276627	0.0479029	0.1950796
MPP6	0.39787056	1.42522415	0.03104462	0.02590294	0.3536848	0.03867814	0.28002414
ADAP1	0.021047017	0.005516833	0.054298207	0.001255392	0.261662277	1.027016958	0.07268038
CHN2	0.04468079	0.23957053	0.01698954	0.28019501	0.54035671	1.3029986	0.23608874
HSPB1	0.017255495	0.025694438	2.459167411	2.657538313	0.038707175	0.01079081	0.008981576
PTPRZ1	1.975477369	2.422556036	0.001043413	0.007585174	0.238478381	0.076033439	2.789775767
PCOLCE	0.0169114467	0.1018137832	0.9084806061	0.0322187816	0.0030546017	0.0031132628	0.0007783881
TSPAN13	0.1282289	0.08361002	0.03580378	2.4108658	1.09254032	0.03933401	1.33210732
RARRES2	0.2051195545	0.2727714245	0.9634137061	0.0386745443	0.0004928507	0.0058515572	0.0046730154
GLI3	0.304547129	0.095603281	0.023844496	0.004058782	0.033140405	0.004797137	0.007530782
LHX2	0.541091325	0	0	0.001515102	0.08474032	0.014944058	0.03470872
ASPN	0.0037973495	0.0027738568	1.4426356375	0.0203207026	0.0022528195	0.0021055253	0.0003295195
DNM1	0.010232263	0.196746694	0.005815925	0.002774541	0.650949288	0.009086253	0.092623104
ENG	0.010649357	0.010475908	0.45773744	2.315455732	0.005042724	0.003727016	0.001031929
KANK1	0.22736243	0.3637043	0.44655683	0.08103384	0.0152507	0.05324147	1.15704588
ELAVL2	0.0031233037	0	0.0003483788	0.0001120688	0.2896619422	0.0042751265	0.0066197178
PTGDS	0.23487142	0.10285299	0.02274749	0.03842017	0.03990918	3.6520562	0.41800335
ABCA2	0.26865629	0.12934671	0.09422408	0.03954696	0.23326543	1.56497897	0.2969282
CXCL12	0.026619112	0.01203114	0.219605792	2.501193716	0.098941112	0.019464165	0.001677436
UNC5B	0.02832307	0.01025484	0.03608428	0.25826595	0.04087474	0.94675011	0.05229398
SPOCK2	0.06321726	0.42805263	0.09266634	2.14565879	0.73063258	0.01541543	0.36371022
ACTA2	0.055746379	0.007663115	5.517574479	0.05110617	0.043456307	0.015227863	0.02066511
ASPA	0.0681614194	0.0654743435	0.0006417693	0.0009956792	0.0024183236	1.622638479	0.0647136193
SEPTIN4	0.3198263	2.6088927	1.1061534	0.5310024	0.1862135	3.4248166	0.4502345
P2RX1	0.0003145831	0	0.487277	0.001660746	0.0005618537	0.000118855	3.339361e-05
ICAM2	0.0030731972	0	0.0236554064	1.3941496566	0.001212377	0.0067222018	0.0002626741
DHX58	0.007875338	0	0.470211232	0.09066864	0.011925868	0.005508384	0.004038354
SGCA	0.001002546	0	0.4816756	0.004521858	0.0003138744	2.968926e-05	0
EFNB3	0.0249741418	0	0.0035707085	0.0006650856	0.143064903	1.1406679969	0.1331053275
FAM20A	0.562426756	0.649931994	0.333227999	0.052828477	0.00968996	0.003538988	0.006718452
MAP2K6	0.131169293	0.503303444	0.038694201	0.026894273	0.095177617	0.008423102	0.032120615
SLC9A3R1	1.4451497	0.8610169	0.5736751	0.1632192	0.1548162	0.1236791	0.1153977
VTN	0.0255436445	0	1.5684113822	0.2020538874	0.0392430857	0.0056057415	0.0009003094
ALDOC	4.62866023	4.66643087	0.04000355	0.05363782	0.31560948	0.63490592	1.85570471
GABRA4	0.175058859	0.518969113	0.002433326	0.001027199	0.640642461	0.007912529	0.053733237
INPP4B	0.007893123	0	0.891006183	0.006618136	0.12379575	0.010158523	0.079980028
CPE	4.0418699	1.1450501	2.3616222	0.5322721	2.1845369	0.7980815	2.4907006
TRIM2	0.1560642	0.31929219	0.14608574	0.00134714	0.49876093	0.89294054	0.26776175
UGDH	0.13449386	0.04381199	0.06105366	0.05802411	0.15573322	0.03583493	1.05784382
CRYAB	0.46559624	0.57075712	1.4575422	0.02800725	0.21451104	2.62105958	1.02981472
CCND1	0.099891833	0.009051715	0.278845314	0.365437993	0.184936366	0.030564983	1.898803524
ARHGEF17	0.102044378	0.022992057	0.730041696	0.009679316	0.331213455	0.0070377	0.092905866
KIAA1549L	0.008567137	0	0.0003262386	0.0002399977	0.3343441001	0.0087718201	0.0484452408
SLC1A2	4.25130322	2.99778179	0.01679821	0.0266036	0.30216459	0.47056909	1.36652108
MDK	0.4864776	1.108649	6.893765e-05	0.01473951	0.1837051	0.02316038	0.5890671
SLC35F2	0.0005182829	0	0.0018004863	0.6225437725	0.0106387722	0.0020478262	0.0245905399
ELMOD1	0.024300306	0.058321156	0.001552494	0.001816185	0.983729114	0.006416945	0.048955137
SOX6	0.1967096737	0.1196448017	0.2671447705	0.0006832182	0.0394262952	0.0094989965	0.7421386855
PTPN5	0.015276395	0	0.004935554	0.00130477	0.943816483	0.006288107	0.312117807
DAO	0.006563126	0.3760875	0	0.0005853553	0	9.606854e-05	0
SYT10	0.01744374	0.4853506	0	9.723689e-06	0.07221062	0.002793266	0.008299237
ELK3	0.008837302	0.007847652	0.04756119	0.329598853	0.026413034	0.002645106	0.025106182
WNT5B	0.001900408	0	0.941214797	0.051839674	0.01304755	0.027533573	0.008270561
PRMT8	0.011747448	0.001125503	0.001356743	0.000117848	0.256428626	0.002191056	0.022790888
KCNA1	0.036238631	0.045192971	0.001155239	0.003748663	0.800524679	1.304625093	0.351209894
SLC38A1	0.0950046332	2.0790801375	0.0005657146	0.0011176632	0.6993764467	0.0219531895	0.1636782998
CHPT1	0.70793657	1.6655262	0.22807422	0.13277366	0.08042965	0.35971918	1.27873263
ENO2	0.048558034	0.076544413	0.040088624	0.002560208	1.245928329	0.069810078	0.121704783
LDHB	2.7625914	2.8716071	0.7823807	0.1321351	2.4413475	0.5578623	1.6692153
RFX4	0.2672132	0.2106722	0.001016203	2.906475e-05	0.02392209	0.003020844	0.1503093
FRK	0	0	0.2201052	0.003309573	0.0001354029	1.763915e-05	0.004720086
UST	0.010190958	0.864410847	0.007547019	0.00392577	0.16656197	0.116017868	0.43905058
RBM24	0.012991413	0.098224697	0.543540857	0.003953354	0.161182887	0.001413397	0.013288877
CAP2	0.210791005	0.728991405	0.95658345	0.009605362	0.549940239	0.00863214	0.215262011
FHL5	0	0	0.3654627	1.810682e-05	0.0001602816	0.0003178642	0
GPLD1	0.72766461	1.03408638	0.01043824	0.01305159	0.02656485	0.06352271	0.80034254
NR2E1	0.3766994473	0	0	0.0003360711	0.0488878258	0.001017231	0.2121913662
PERP	0.006895704	0.006273584	1.793834901	0.040131468	0.078693657	0.011202163	0.017198985
QKI	2.0024006	2.0693925	0.2434718	1.0557456	0.3479451	2.6651766	2.0077992
CLIC5	0.0013267968	0	0.006673351	0.618784577	0.0009372584	0.004456667	0.0059017988
TBX18	0	0	0.4855510094	0.0100266726	0.0004992944	0.0017679266	0
SEMA5A	0.0083213183	0.0004405401	0.265284569	0.0197924473	0.1626202348	0.0359611408	0.6433690162
SPARC	1.4707512	3.9165289	2.8392715	3.3962237	0.1485188	0.5153494	0.6357612
GABRG2	0.0019711436	0	0.0129328231	0.0001614661	0.7264873701	0.0037386832	0.0224662514
DPYSL3	0.024200223	0.02424308	1.014309675	0.004953402	0.440102362	0.010740019	1.301055128
PDGFRB	0.185305706	0.109907446	0.881524684	0.04122117	0.003251189	0.004428853	0.009734287
RNF7	0.3975223	0.51453	0.6388952	0.6267808	0.7269229	1.8165413	0.7373531
HES1	0.115114992	0.041679901	1.112274548	0.950297331	0.024695225	0.003828849	0.132937564
SLC41A3	0.027819143	0.238781958	0.099984483	0.020212565	0.021231668	0.008384241	0.013306046
PODXL2	0.027529115	0.003660248	0.11603536	0.003697202	0.452244698	0.010141616	0.62899933
CSPG5	2.427631062	0.740196179	0.008677901	0.012332592	0.567909626	0.123084122	3.405018807
PEX5L	0.069016431	0	0.132496593	0.003700724	0.182619971	1.731794076	0.1646286
ARHGEF26	0.4644872192	0.4056298778	0.0002494911	0.0015498519	0.0289340091	0.010607978	0.1473743901
RTKN	0.067514704	0.109018022	0.015154675	0.008269144	0.168279604	1.044158814	0.608058478
KCNIP3	0.387726142	0.15182151	0.114452727	0.002671503	0.294164751	0.023989815	1.778921108
PDE1A	0.014263727	0	0.714025125	0.003853401	0.16615017	0.003515215	0.126305814
FN1	0.01329577	0	0.028241117	1.376572875	0.009624523	0.005316425	0.020222313
IGFBP2	0.922184942	0.138000495	0.007976833	0.019679715	0.020331262	0.017901451	0.207753128
EFHD1	0.36496744	0.45188632	0.19197622	0.02379051	0.01888124	1.57041662	0.07395681
CHST10	0.363691695	0.594493624	0.000525474	0.001981962	0.221719373	0.006041251	0.373770429
PLCD4	0.6158017266	0.2387192389	0.0078424486	0.0009516302	0.0085887638	0.0094806728	0.0219503452
ID2	1.7397456	1.0650278	0.2783129	0.68018	0.202587	0.1066184	1.0078023
QPCT	0.0056509352	0.001332413	0.0004152471	0.0204935279	0.2286362925	0.3512241414	2.003196474
PLCL1	0.085112806	0.098122589	0.335068867	0.007997078	0.048221486	0.658761536	0.09894768
SLC1A4	0.630548011	0.216529375	0.004496047	0.0133678	0.126934811	0.008011749	0.200700187
EPAS1	0.57264136	0.30941216	1.68398891	2.06387665	0.01583067	0.13140337	0.68575387
PRRX1	0.136691678	0.279851815	0.332613441	0.002505557	0.007015378	0.002247733	0.253033857
TNR	0.004267947	0.073300789	0.016689506	0.001756104	0.096822075	0.02137218	1.262161599
ANGPTL1	0.02035497	0.0008238779	0	1.995684e-05	0.01757482	0.003227805	0.4090881
NCF2	0.007630375	0	0.686255525	0.007196689	0.00276537	0.010792695	0.001288334
HPCAL4	0.012656725	0.002214241	0.010029601	0.002219836	0.361687396	0.017926204	0.037780543
RGS4	0.0459492	0	2.98818621	0.08612967	1.11782993	0.01483673	0.02278245
IGSF21	0.1946370841	0.1434145284	0.0007201412	0.000788884	0.2705636928	0.0126623027	1.2302948346
GBP3	0.0442958343	0.0008746302	0.0490410238	0.6845659308	0.0126294295	0.0002172173	0.0023388173
CDK18	0.0138471249	0	0.0216249859	0.0001141188	0.0101743604	0.5225789002	0.0192366342
ECE1	0.29437414	0.2006274	0.34954759	1.57875623	0.26502914	0.06868666	0.49154045
ID3	0.50043099	0.13847881	2.39609367	2.62467387	0.03448137	0.03638623	0.14361752
SLC2A1	0.88523961	0.44005177	0.2888315	4.0359451	0.09455151	1.05337724	0.36582245
F3	2.00609166	1.76165873	0.00316677	0.0149086	0.0819209	0.01556494	0.87694365
PRDX6	3.0421572	2.5373017	0.4822185	0.512658	0.4432779	0.8523908	1.1494211
HSD11B1	0.877645404	2.0210544308	0.0005042525	0.0049215859	0.0108530695	0.0245112071	0.0249201269
STMN1	0.29607021	0.0200565	0.06398837	0.7607583	1.48547184	2.18495319	0.31736106
MAN1C1	0.02420144	0.6994282	0.03593304	0.08261043	0.06465777	0.02716041	0.09275259
C1orf54	0.0040102859	0	0.2525697993	0.9907989101	0.001079113	0.0198393595	0.0003845936
CA14	0.03919745	0.08660456	0.07685577	0.16610555	0.01591437	1.01661389	0.06167847
FILIP1	0.0006229187	0	0.721564186	0.2024421104	0.0932180775	0.0056117554	0.0055563062
CNR1	0.0526119611	0	0.0021739653	0.0003365345	0.8726373075	0.0060393213	0.111195381
SGK1	0.09443393	0.03167339	0.24984152	1.11049644	0.29111449	2.56423226	0.95275632
MYL12B	0.3407343	0.5864594	0.8850938	2.206047	1.3028406	0.490089	0.6591665
CASQ2	0.0067778742	0	0.8004118887	0.0412441984	0.020874454	0.0016854748	0.0001703498
TRIM67	0.001502206	0	0	5.911142e-05	0.08304785	0.003609001	0.21387
PGF	0.026544766	0.040001295	1.03467491	0.005310354	0.02929953	0.006444766	0.01763502
TGFB3	0.01988986	0.0005908634	0.7658428322	0.0023594271	0.0127109147	0.0395577767	0.0209564005
BCL11A	0.011032572	0.064574957	0.005211178	0.000521487	0.394694452	0.001527091	0.001091524
PPP1R3C	0.844146659	0.229584615	0.376308927	0.010807971	0.004142238	0.026575952	0.047368993
MSX2	0.0027715126	0.4835908935	0.0540359046	0.0002527347	0.0146686076	0.002893485	0
TEK	0.0098554944	0	0.0247003836	1.0236190464	0.0017172064	0.0006402722	0.0033852694
LRP11	0.065168845	0.248099062	0.019121437	0.004740817	0.633617327	0.019866201	0.270688349
PLXDC2	0.10853017	0.02392835	0.09029917	0.03509155	0.08695804	0.7485763	0.17296866
PLS1	0.028472508	0.012711047	0.002401796	0.001171655	0.065530305	0.84546546	0.057854746
CLU	4.89801673	3.57806386	0.05915475	0.15603338	0.78463416	0.5731584	2.36793655
PDLIM2	0.06388558	0.04897716	0.48013243	0.09069644	0.01502721	1.51938879	0.07273384
EPHX2	0.65799665	0.1509211	0.10065288	0.0108852	0.05946929	0.00909794	0.02055516
RDH10	0.10740106	0.36256087	0.03805646	0.03242346	0.05168204	0.01474828	0.05725736
TBX2	0.000728105	0	0.6485295647	0.0110220589	0.0006315219	0.0022309872	0.0007236911
MAPK8IP1	0.102315841	0.104039417	0.050916805	0.009169155	0.211082098	0.786648926	0.113486738
GJB6	1.8649812083	1.7290160748	0	0.0002119049	0.0006157108	0.0327150294	0.0489398633
FABP3	0.006944583	0.021148627	0.081666888	0.001765697	0.582558628	0.007007557	0.113587213
CCRL2	0.004293919	0.046788301	0.961336037	0.270533093	0.001262193	0.007670319	0.01188685
SLITRK3	0	0	4.050176e-05	0.0002908119	0.1560967	0.00780912	0.3350993
HPCA	0.02902146	0	0.014042149	0.003231724	1.413309329	0.03052256	0.078138371
RASL11A	0.0506439039	0.3843633493	1.4505363606	0.0311444118	0.011298578	0.0007385449	0.1868243378
FMOD	0.0106476473	0.0410406521	0.4155906873	0.0001852329	0.000734212	0.0002717473	0
WIPF3	0.01813311	0.003338614	0.0004148869	4.869116e-05	0.3338617	0.001433366	0.008674728
NXPH1	0.004360407	0	0	0.003850413	0.074465071	0.008116622	1.921889908
NPY	0.011517056	0.927281351	0.005192944	0.003683242	0.049854735	0.007303819	0.101190785
ARL4A	0.06544345	0.03218821	0.4024582	2.01255609	0.23194164	0.06942487	0.33006753
GLIPR2	0.1265645581	0.4599900279	0.0950746831	0.0539793484	0.0528914648	0.0103982436	0.0001753411
CALD1	0.1127878	0.2548968	3.023391	0.3283325	0.1174957	0.1270165	0.3736334
SRGN	0.005300492	0	0.025776282	1.845134706	0.001978966	0.038627406	0.001284929
CIT	0.0200798606	0.1861599641	0.0002055147	0.0198771944	0.265426489	0.0038643966	0.1244947515
ITIH5	0.191267299	0.349225375	0.022508412	1.199795074	0.004238973	0.012944074	0.06082694
PDE1B	0.015472346	0	0.128764151	0.002224325	0.745432754	0.003344653	0.048177142
LRP1	0.56288669	0.78887906	0.25148267	0.01901312	0.27280767	0.01387375	1.0434683
PLP1	0.38805851	0.43354352	0.06459806	0.08106953	0.10483796	5.50095062	1.16799266
TNFAIP6	0.13048344	0.248547866	0.00100554	0.004906353	0.018517857	1.449580276	0.233474859
G0S2	0.1355115	0.09646227	0.0242177	0.01890009	0.03135731	0.04055757	1.01387513
ACSL3	2.0766103	1.6400585	0.1383794	0.2750869	0.4476321	0.5410862	0.5762336
SLC12A5	0.009516766	0	0.002195648	0.006661509	0.69396745	0.004375864	0.00841472
SDC4	1.88929016	2.4945918	1.2419485	0.08015153	0.06734843	0.10561135	0.13387345
MATN4	0.0048159321	0.0006035128	0	0.0023132662	0.031914408	0.027262764	2.0539471767
CDKN1A	0.08788198	0.73923796	1.65027507	2.70142489	0.29054371	0.09179322	0.08863334
CPNE5	0.002732334	0	0.0007904668	0.0001765871	0.4880408937	0.0008595127	0.0060395374
AHNAK	0.04901001	0.01454283	0.825898	1.28767003	0.02278592	0.02277768	0.00320968
CLYBL	0.20800399	0.3678609	0.10237956	0.04719164	0.15281606	0.01600186	0.10377701
ABCC4	0.052550835	0.017750065	0.021046911	0.873792695	0.024563951	0.001517005	0.067756855
SOX21	0.3301762832	0.1379766099	0	0.0003774569	0.0468532737	0.0073968798	0.4143522214
SOX9	1.113963425	1.030441727	0.002531816	0.057082145	0.121151752	0.020304741	0.022367256
OPRL1	0.0152812591	0	0.0088488329	0.0006161096	0.0798292956	0.0019079905	0.4302349544
GRIA3	0.003775058	0	0.002055497	0.001378266	0.467870404	0.011053534	1.077702784
CD70	0	0.3075758694	0	0	0.0124718086	0.0009408523	0.0784545291
GPCPD1	0.12154621	0.07236403	0.2505809	1.06298122	0.2349973	0.0260798	0.22954899
CD93	0.0021503544	0	0.2171128823	1.2076946729	0.0029974629	0.002653465	0.0005111461
NAPB	0.06679485	0.04240696	0.01976685	0.02193425	1.01550532	0.03140393	0.07540951
NRSN2	2.106153e-05	0	0.000236991	0.001686769	0.6751084	0.0005127457	0.01154961
GFRA4	0	0	0.25206811	0.004625726	0.500006945	0.010232022	0.133852889
ID1	0.072914479	0.041596027	0.745508056	1.714596067	0.039153265	0.009271796	0.011964222
KIRREL2	0.3012981045	0.0002846687	0.0117666135	0	0.0045369594	0.0098076001	0.0054236731
FRMD8	0.10580783	0.07277784	0.26283514	0.16688563	0.08077834	1.45414047	0.62896329
FLRT1	0.256302225	0.10939866	0.102851825	0.000486103	0.257192779	0.013117604	0.554627397
EVI2A	0.0893536397	0.3864771584	0.0003373242	0.005965421	0.0071660622	1.6686042488	0.1697087194
BCL11B	0.0006003311	0	0.0017867241	0.0052465054	0.7099228609	0.0100546184	0.0337022736
ATP13A4	0.2223165343	0.2160509559	0	0.0006063537	0.0001601722	0.0006168625	0.0352685777
PTPRB	0.007002903	0	0.04938168	2.012370233	0.01345555	0.007625312	0.005068959
KLF2	0.014292457	0.002593384	0.54976993	2.201357018	0.015897276	0.016570126	0.034626226
SYNGR3	0.0021567959	0	0.0030843429	0.0002558188	0.9173916721	0.0178106316	0.5391013377
FBXL16	0.03350516	0.23581518	0.0186609	0.00440123	0.57060943	0.04451499	0.13561067
GNAI1	0.06482869	0.03905144	0.17371248	0.01374714	0.38222303	1.13048262	0.37735756
KDR	0.0019653451	0.0009029964	0.0090760519	1.1240069628	0.0006306856	0.0688069101	0.0101406611
GAL3ST1	0.040650918	0	0.000129993	0.00424118	0.033265168	1.026997458	1.140543261
TST	1.162946641	0.972753197	0.170684023	0.008623349	0.030217028	0.225943044	0.062874471
PODXL	0.0005062789	0	0.0137704969	1.1849547975	0.0060855623	0.0009737554	0.0002529422
CGNL1	0.0088051358	0.0171302151	0.0934184553	0.8883429564	0.0181726533	0.0082803426	0.0002193452
PALLD	0.057768491	0.05861701	1.682880224	0.005448275	0.019663394	0.003344297	0.059457868
SPCS3	0.2204466849	0.3678386065	0.0005621469	0.0035641134	0.4164490169	0.0096995043	0.7504966102
KCNC1	0.018604	0.01834917	0.002765148	4.869586e-05	0.3739636	0.01009221	0.1210806
ATP1B2	2.45785596	2.84329055	1.91704111	0.04246852	0.56951183	0.10090224	1.09913593
ADCY4	0.0009264268	0	0.0250526	0.4856902	7.937819e-05	0.0001708898	0
CDO1	0.094294738	0.004515785	0.010750274	0.008809282	0.169688445	0.012033819	1.634441144
SYT5	0.009722183	0	0.068747054	0.001581296	0.874391123	0.003091585	0.073223427
KCNA5	0	0	0.31953898	0.0162452651	0.0361975423	0.0007685547	0.0066812653
SH3BP4	0.006902422	0	0.07111849	0.351440888	0.081277828	0.022668458	1.118302583
CNN1	0.0034005337	0.0002900837	0.9473755251	0.0018074074	0.006704985	0.0005515873	0.0007158989
APOE	5.6096322	5.055061	0.3540892	2.1327329	0.4109581	2.6913269	4.0530333
DPP6	0.013148902	0.035333042	0.001508256	0.001623703	0.684222709	0.01392047	1.320459348
NCAN	1.493316656	0.067601172	0.001534408	0.001005083	0.567865082	0.060479723	1.855137924
BST2	0.0213966411	0.0169670226	0.2949198074	0.6578822841	0.0005223342	0.0075131607	0.0117263571
SLC27A1	1.62544416	1.21328115	0.05041426	0.06729268	0.12878414	0.23660811	0.46749686
USHBP1	0.0007472597	0	0.0131493215	0.9330708194	0.0037872384	0.0004749073	0.0003663484
UNC13A	0.015092584	0.019760635	0.00102872	0.002886166	0.254560058	0.00907956	0.032875945
HRC	0	0	0.3214997	8.977955e-05	0.001102112	0.0003892282	0.0001960349
SULT4A1	0.0162528446	0.0935219364	0.00230079	0.0008938459	0.8860507606	0.005478505	0.2653683409
CALY	0.021884292	0.046695036	0.01033082	0.003086696	1.22086117	0.015688398	0.678137574
SLC7A10	1.6323950449	1.3767531884	0.0007296299	0.0017030731	0.0125110705	0.0145853591	0.4549036909
AKAP12	0.011468885	0.002593384	0.908574984	1.012456267	0.091876665	0.014031754	0.134330288
COX4I2	0.03686163	0.005520234	0.6934233	0.02982262	0.00017161	0.004769046	9.918043e-05
C1QL1	0.003389033	0.05091072	4.264411e-05	0.001556999	0.04614155	0.01296731	2.120826
GFAP	0.6754463236	0.4645881877	0.0007764138	0.0245399616	0.0004569609	0.0698666346	0.0271175152
HIGD1B	0.0074991095	0	1.4972257262	0.0586332077	0.0004972105	0.0041695057	0
SLC6A6	0.039171248	0.001906064	0.154842664	2.420337864	0.534949232	0.576554216	0.180040979
PDLIM4	0.60818315	0.516108286	0.013719818	0.002199617	0.031037523	0.009467008	0.063348407
AOC3	4.735104e-05	0	0.613048	0.005544364	0.0001451896	0.0002326198	0
RAMP2	0.18094819	0.42283885	0.020964	2.10111949	0.02326763	0.01027508	0.55530574
ANO1	0.0023705684	0	0.7845920796	0.0165111383	0.0014917693	0.0023290653	0.0007263689
TMEM204	0.055320877	0.001047774	0.871315442	2.029601075	0.00237637	0.00366323	0.001049345
GCH1	0.002093548	0.039302423	0.039393933	0.993838706	0.005287598	0.012663582	0.002204343
SLC6A11	1.0592271301	0.2215109687	0	0.0001025116	0.0123620953	0.0099145452	0.1499694814
RAMP1	1.47647098	1.52636594	0.86268251	0.01088489	0.92132708	0.08392012	1.75937132
ITGB4	0.024951975	0.002018079	0.00686813	0.019595094	0.008855522	0.678573819	0.025815348
TRIM47	0.023490396	0.003021258	0.850516407	1.053923917	0.004514316	0.004994739	0.007165148
HSPA12B	0.0043832567	0.0002941007	0.0115356825	0.8623791423	0.0018721942	0.000120786	0.0091464304
SNAP25	0.14698198	0.52051058	0.04605357	0.01959296	3.011041	0.09601059	0.49215604
NES	0.016749932	0	0.649920926	0.986687482	0.046904982	0.001908582	0.022491417
BCAN	2.6592870819	1.2025932882	0.0004871531	0.0091376651	0.3105256305	0.1134368735	3.17927387
HAPLN2	0.0384439497	0	0.0005998545	0.0011040086	0.0038101194	1.1849220511	0.0569146024
SYT11	1.8005661	1.5912813	0.2604881	0.1036248	2.0355867	2.9024387	2.8314067
SYT4	0.016127857	0	0.003355195	0.001803634	0.882575411	0.005814542	0.049753646
MTUS2	0.014049475	0.093765079	0.046262613	0.005363834	0.323358279	0.006886715	0.071968915
PIK3C2B	0.0152207483	0.0009206704	0.0306199509	0.0385114509	0.1644337687	0.4226601411	0.1173758907
DCLK1	1.52953263	0.45468776	0.02549385	0.0072127	1.27020342	0.11218234	0.7439364
BEX1	0.012336799	0	0.00935273	0.004825778	1.078053379	0.006157194	0.328988478
MYH11	0.004328986	0.002593384	3.093659778	0.021520428	0.008456631	0.006382444	0.001098961
GIMAP6	0.005212922	0.003223971	0.118909983	1.554135187	0.00216173	0.034388919	0.001301968
AMPD3	0.1432899	0.18597027	0.01131619	0.04217191	0.03968392	0.03063173	0.63476004
DUSP26	0.061705815	0.003324734	0.016682382	0.0076988	0.453059969	1.627416046	0.62966363
MRO	0.2955162287	0.4765950759	0.0007154933	0.0004994767	0.0541077039	0.007086737	0.3841384785
CNTN6	0.0021024027	0	0.0004503057	0.0003318998	0.052084893	0.0010135212	0.284693339
CHL1	0.05847827	0.487316127	0.001083757	0.006733728	0.347994751	0.009833596	0.886554228
TSPAN2	0.07917557	0.001097688	0.45952828	0.034572127	0.045400979	2.189879353	0.531052196
GSTM3	2.49212026	1.0214986	0.05587161	0.17535634	0.74752942	1.12057848	0.9241152
YWHAQ	0.7609545	0.8943352	1.8525073	1.3763964	1.4150693	2.553085	1.4064047
ANO3	0.0100366175	0.014859456	0.0011133033	0.0006383337	0.499290229	0.0095060584	0.0077021268
SOX5	0.3547202469	0.4490335132	0.2217639348	0.0003414005	0.0848502124	0.0044696737	0.6643007186
SOX3	0.003774326	0	0	9.856203e-05	0.009578867	0.0005119026	0.2282109
CYP2J2	0.8826182	1.339072	9.912426e-05	0.01439282	0.01623802	0.1775318	0.8791386
FADS2	1.149077106	0.553256356	0.127211211	0.005340095	0.080456908	0.043026638	0.675680906
PDGFRA	0.0070672872	0	0.0002463104	0.0170184246	0.0338252382	0.0118752307	2.1070782588
COL4A2	0.0729073899	0.0007706745	1.0117182959	0.8242563001	0.0244705506	0.004607526	0.0406470412
CLDN10	1.993684404	1.559467191	0.00755035	0.006543431	0.023734826	0.041221511	0.262060176
ADAMTS8	0	0	0.2284170268	0.0001054317	0.0021433748	0.0016495707	0.0015308532
ETS1	0.002346471	0.005789242	0.270254954	1.160394876	0.022982954	0.018647182	0.104061035
PSAT1	1.17630933	0.59157609	0.02424692	0.01611834	0.20602019	2.16577217	1.22933922
LMO2	0.001052128	0.005516833	0.01556705	0.972452338	0.268715733	0.009189505	0.044020868
ITGA7	0.119003623	0.11490007	1.179713881	0.006414173	0.038146547	0.001384355	0.003638265
RDH5	0.095329439	0.462850903	0.139414879	0.008075777	0.04840242	0.011380115	0.005019499
FAIM2	0.138559481	0.122306668	0.003082545	0.004661201	0.762620566	1.22452674	1.037366827
HEY2	0.032390295	0	0.461780901	0.011198181	0.002785747	0.003659701	0.061229101
KCNMB4	0.0050275064	0	0.0004351304	0.0001302061	0.1687216935	0.0064490127	0.3307994186
CPM	0.01398572	0	0.14075722	0.04973098	0.02186164	0.66740232	0.04962576
AGT	0.796188945	1.257434838	0.024380719	0.004227425	0.00399027	0.017844465	0.039908921
KCNK1	1.341054582	0.42721348	0.00215461	0.002328761	0.817239211	0.02551896	0.681341064
RGS8	0	0	0.000939929	0	0.329139643	0.003416283	0.00484799
PAX3	0.001151978	0.3590178	8.900853e-05	7.927928e-05	0.01125507	0	0.01978052
DOCK10	0.024925565	0	0.264715475	0.004593339	0.096317753	0.680508714	0.22178547
SLC19A3	2.04151e-05	0	0.0006438718	0.599718	0.0002489273	4.001933e-05	0.001129805
SERPINE2	2.3541409	2.2041005	1.6468219	0.2548845	0.5929464	0.1812999	3.5348535
DNAJB2	0.2469381	0.2438286	0.3432452	0.1496312	0.1920829	1.417987	0.2591186
TMBIM1	0.50332646	0.78353676	0.76079512	0.46444795	0.06051657	1.79239503	0.26278718
SCEL	0.007677534	0	0.0003192867	0.0008990987	0.0011395672	0.0032416154	0.20262203
EDNRB	1.471456041	2.212212445	0.009042306	0.014254836	0.086645278	0.044563805	2.3704239
TTYH3	0.485441869	0.213872618	0.008115564	0.008938327	0.148990232	0.018403821	0.133848471
MMD2	2.620229894	1.400713745	0.000183093	0.010049379	0.319107351	0.203566667	2.181702407
ERMN	0.0737290095	0.0028151061	0.0006496032	0.0044539966	0.0191918831	2.1353428252	0.1097194014
BIN1	0.14931008	0.01375091	0.57666284	0.06251624	0.40615613	2.3592661	0.47176718
GYPC	0.0009670761	0	0.4686321741	0.0137936575	0.0057914619	0.0002017674	0.0003377135
GAD2	0.002980098	0	0.008298134	0.001930521	0.749898954	0.002163339	0.008254009
KLF4	0.021795775	0.001666376	0.664668996	1.548130416	0.012939471	0.045034279	0.080513298
TMOD1	0.038620661	0	0.318826962	0.001644593	0.565649417	1.048638528	0.136313387
ENPP2	0.17727058	0.17686732	0.02893296	0.22299831	0.1420596	3.02592662	1.68857485
IL33	0.549940366	0.068326506	0.001024615	0.015322206	0.008067913	1.970468433	0.126133284
FOXF2	0.0003614638	0	0.3044011	0.8930918	0.0001200697	0.000804175	2.920124e-05
TUBB2B	1.89231455	1.57966192	0.08762012	0.05132656	0.5059482	0.09760275	1.59294199
RNF144B	0.023009933	0	0.005617426	0.481665084	0.026419584	0.002320489	0.129064859
LRRC32	0.002513003	0	0.9711993605	0.1231093083	0.0118092961	0.0004698069	0.0007374618
SULF1	0.0029378396	0.2556652969	0.0157055147	0.0033248827	0.1254868207	0.0007126479	0.2073654207
FXYD6	0.020583565	0.086330492	0.006689841	0.053697264	0.692097251	0.024442424	1.982567594
PAQR5	0.008289298	0.0006305867	0.0024707176	1.3627986975	0.0012653986	0.0007049904	0.0002357327
ITPKA	0.020665561	0.032182756	0.036750557	0.00390125	0.543025503	0.012646741	0.009874725
TTLL7	0.04912282	0.01558382	0.49158813	0.28259482	0.43417252	1.02937781	0.11983322
ARHGAP29	0.005502576	0	0.80809474	0.755350184	0.018350788	0.010080293	0.009565247
EMILIN1	0.012116805	0.020657716	0.352802403	0.010863474	0.010782705	0.00215763	0.007887627
PLCE1	0.056902995	0.344226128	0.677858986	0.013897957	0.011565377	0.004766551	0.087391725
ADAMTS14	7.534091e-05	0	0.2105197	0.0004252473	0.0005513131	0.001036408	0
CDK15	0	0	0.2010446	0.0006511167	8.339492e-05	0.000310459	0
SLC40A1	0.013396418	0	0.018192747	1.012882491	0.001878375	0.002281086	0.018571682
SECISBP2L	0.3799999	0.4890664	0.2959874	0.3793871	0.580335	1.603904	0.6417432
PRKG2	0.004704338	0	0.005934854	0.0003491287	0.01222067	9.196492e-05	0.2416394
BMPR1B	0.419728179	0.498787292	0	0.002071378	0.003563514	0.009803443	0.021788049
PDE5A	0.0005003948	0	0.9920906477	0.0481313985	0.0243353802	0.0039181184	0.0176897662
NAAA	1.097604909	0.632014569	0.002765679	0.040401289	0.055766524	0.123938985	0.039188646
ANXA3	0.003856161	0.001097688	0.822851414	1.889323746	0.015436865	0.002766033	0.003070919
ENPEP	0.003393302	0	0.2703243	0.02081818	3.063217e-05	0.0001516378	0
LEF1	0.0331874823	0	0.0091972661	0.7446822572	0.0111076715	0.0082204931	0.0004964176
SLCO1C1	1.287134054	0.047987692	0.049497055	2.35235244	0.013240161	0.002222251	0.034454693
AMIGO2	0.0422810243	0.3453141297	0.8646051922	0.0310498663	0.0245118472	0.0004446817	0.0130204924
ASCL1	0.03281749	0.1189303	0	6.669513e-05	0.1094054	0.003583675	0.4238374
SLC7A1	0.021145921	0.007150332	0.08714507	0.912684844	0.109201528	0.007066682	0.117038602
ACVRL1	0.010238553	0.001604823	0.084579566	1.9948544	0.127362404	0.003713396	0.001071581
GALNT6	0.0200917659	0	0.0007866388	0.0003711914	0.0018849256	0.8205628785	0.0269617885
SLAIN1	0.0936490519	0.0833420303	0.0002410702	0.002247211	0.2220460039	1.8932049032	0.3801660975
SSTR1	0.0008719857	0	0	0.0023326337	0.0212173652	0.003377148	0.4871577036
REM2	0.0011061429	0	0.0005410317	8.97909e-05	0.3333867779	0.0002299501	0.020482823
RTN1	0.26812365	0.49520984	0.02909726	0.01848249	3.19193529	0.09978593	2.4256956
RAB15	0.007204089	0	0.001119592	0.00123305	0.374013045	0.004411429	0.02108934
FBLN5	0.055958556	0.270346249	0.022470481	0.030792996	0.034697575	0.002916759	0.038568896
RLBP1	0.37912817	0	0	0.002195407	0.066520018	0.015163375	1.869633589
MFGE8	3.3890253	1.5135491	3.9396667	0.6806378	0.5038402	0.2522464	1.6766855
IQGAP1	0.16690266	0.22434546	1.45648395	1.48600947	0.13609387	0.08696224	0.14397427
SH3GL3	0.0222719954	0	0.0005910411	0.0045985207	0.2143734345	0.7300137619	0.234158705
TGFB1I1	0.006003041	0	1.59083896	0.290402565	0.023321905	0.006217887	0.159390263
ZFHX3	0.02768264	0.008693862	1.035075038	0.057514375	0.059631423	0.01993568	0.085832117
CPNE2	0.35864157	0.78864492	0.24879067	0.15894247	0.11154048	0.01863478	0.40472118
CDH13	0.0241836	0	0.01538883	0.14469153	0.40671744	0.02081312	1.16968081
MYOCD	0.0002311022	0	1.1760007544	0.0012456372	0.0023317349	0.0016241803	0
UNC45B	0.004113201	0	0.007058791	0.3964374	8.010295e-05	0.0002152655	0
ARSG	0.053549097	0.002880648	0.01229689	0.005911182	0.008844066	1.159505292	0.077825635
SLC14A1	0.4022662151	0.888026324	0.0002570992	0.0065531332	0.000332156	0.0034911309	0.1722037321
TTYH2	0.36175007	0.785214	0.08411896	0.76345508	0.08156827	1.8971678	0.28947036
IFITM3	0.085975733	0.085553121	1.140117082	1.118035817	0.020934438	0.010224746	0.006566958
APP	0.2524368	0.4990875	1.0858643	2.4119947	2.1772821	3.1194082	1.5068348
WTIP	0.019476671	0.021430646	1.8662178	0.060977039	0.021292655	0.006877345	0.051128001
RCN3	0.06814401	0.02140471	1.15536097	0.18515666	0.04416133	0.01229502	0.20925763
TINAGL1	0.006127529	0.046847555	2.732546206	1.91760894	0.006695267	0.003036321	0.00380628
RGS5	0.012618823	0	2.149382645	0.217660671	0.016983648	0.005557833	0
FAM163A	0.272120532	0	0	0	0.022237785	0.007300517	0.004710117
HMCN1	0.0011382657	0	0.0004011927	0.4553845053	0.0004762711	0.0002585571	0
KCNH1	0	0	0.0012507387	2.9984e-05	0.3118565417	0.0015073502	0.0003383823
SUSD4	0.002345222	0	0.001418166	0.008746418	0.197663865	0.010271639	0.534133381
SCCPDH	0.5181202	0.4189002	0.1082873	0.1183883	0.3383865	1.5224672	0.7394728
ETNK2	0.004283654	0.115593495	0.296290452	0.015349539	0.003195545	0.003163748	0
SFXN5	1.38255355	1.48186642	0.03151074	0.03466577	0.14538443	0.13870637	0.3640143
C1QL2	0	0	0.01043915	5.911142e-05	0.02057319	0.004394731	0.5755397
GPR17	8.038425e-05	0	0.004207376	0.01816041	0.03163379	0.05406451	2.255576
GALNT13	0.0030737515	0.0265731863	0.0002862075	0.0017940736	0.2568693496	0.0109466631	0.4460241836
SCN1A	0.002071303	0	0.0042806258	0.0005410596	0.4445513956	0.0022858254	0.1161937629
ZNF385B	0.014450028	0.007092578	0.004918653	0.000335665	0.51723355	0.010102515	0
TMEFF2	0.051535701	0.062988987	0.003104712	0.001030896	0.460434537	1.963005005	0.613282887
UNC80	0.0179539809	0.0585103558	0.0007398914	0.0007076855	0.56676701	0.0137887675	0.144702789
GRIP2	0.0007557603	0	0.3981727964	0.0234622393	0.0212558892	0.0020241908	0
RBMS3	0.01725183	0.03398041	0.51681308	0.02144562	0.15465589	0.00752304	0.04604311
ITGA9	0.00160086	0	0.090447921	0.004801264	0.062939803	0.005033434	0.42433059
PTPRG	0.163098997	0.168795629	0.032354707	0.718138504	0.062837219	0.002913196	0.313195358
LRIG1	0.43981826	1.46465841	0.60690463	0.02646697	0.02649487	0.03897119	0.09988119
PHLDB2	0.032755921	0	1.450688432	0.192288661	0.009595965	0.018585684	0.095329542
TAGLN3	0.911345447	1.296832082	0.001701016	0.009535608	1.43962501	0.064803798	0.750494111
ALDH1L1	1.258759315	1.080814965	0	0.002078978	0.023973444	0.033930049	0.030914441
LPP	0.21999569	0.17627563	1.55540099	0.21284469	0.05055063	0.01755568	0.16064328
STXBP5L	0.0007571783	0.0399814324	0.0003436821	0.001646398	0.5192954426	0.0291453334	0.1498755921
EPHA5	0.093828439	0	0.0004843119	0.0034412757	0.1773392098	0.0139846828	0.375062511
SNCA	0.03966399	0	0.00781614	0.01113093	1.94865683	0.17643009	0.30756669
CYP4V2	0.1230531879	0.3275187222	0.0966415157	0.0386154494	0.0004299812	0.0039659975	0.0256952853
HAPLN1	0.426285195	0	0.004258995	0	0.004767199	0.001799968	0.091983678
LIX1	0.9008802364	0.3043162166	0.0007254356	0.0040366004	0.1125581474	0.0302867474	0.0164929574
CXCL14	1.022320336	0.507046969	0.001555883	0.002689771	0.05420025	0.027341912	0.168687966
GABRB2	0.0051049746	0	0.0084697989	0.0009851401	0.5638267855	0.0027986366	0.4729750344
CPLX2	0.12429712	0.12728814	0.0700315	0.03574853	1.16266697	0.05851811	0.0915596
KCNMB1	0.0292811	0	1.084293	0.012183	0.0005234839	5.980517e-05	0
PSD2	0.300304208	0.0811391797	0	0.0001062866	0.0349316797	0.0107065643	0.078222644
PLA2G7	2.873098819	3.607605186	0.001363351	0.013541373	0.1455402	0.107709666	0.780233889
GNA12	0.25371479	0.21729026	0.34388615	0.08932861	0.05517695	1.20121238	0.33469793
EGFR	0.30894667	0.23716857	0.038604431	0.002435055	0.084226567	0.003924864	0.021451145
IGFBP3	0.002835651	0.002593384	0.020853087	0.105851917	0.029111653	0.00427574	0.556875301
TMEM47	1.58243986	1.84255582	0.17623352	0.03768865	0.24276848	0.05859514	0.20985455
CHST7	0.043792726	0.001124373	0.028393109	0.026683554	0.022681639	0.002378233	0.49594043
ST18	0.007273945	0.02290355	0	8.151245e-05	0.07826047	0.4167587	0.0113133
RGS20	0.4871616924	0.2029326706	0.0007341621	0.0002308092	0.2640428287	0.0081718821	0.0834262711
ADHFE1	0.802895147	0.194858424	0.010927812	0.004380801	0.020598315	0.038300137	0.104972076
MAL2	0.0008270113	0	0.0080570502	0.0040280948	0.3219400132	0.0030573726	0
FAM135B	0.0002818928	0	0.0003429273	3.012334e-05	0.1950087	0	0.02742053
NTRK2	2.55806297	1.9585875	0.0503657	0.01501826	0.78290849	0.14141669	1.73170248
GSN	0.40633316	0.14648848	2.36200599	0.07550938	0.14833905	2.45383949	1.0831885
SLC39A12	1.122819	0.8776577	0	8.341923e-06	0.001178567	0.01448229	0.0329481
INA	0.011384364	0	0.003421743	0.004349012	0.770527572	0.018480075	0.324583722
NKX6-2	0.08473088	0	0	0.00119109	0.01064147	1.26631532	0.07419404
ADAM12	0.0031123536	0	0	0.0003076069	0.019048532	0.0060165368	0.2450730297
SERPING1	0.040899303	0.024455895	1.854151514	0.030556411	0.109500036	0.007733475	0.020857841
PAK1	0.192454273	0.073804966	0.005523022	0.019911675	0.602439362	1.258658259	0.379034614
SLC22A8	0.0076324767	0	0.0548238017	1.7004331199	0.0001495043	0.000587857	0.0005414383
FEZ1	1.07468546	1.15079627	0.03568518	0.07741319	1.25232172	2.62041622	1.8424518
ESAM	0.012395414	0.001320184	2.083147259	2.941733329	0.033586764	0.002825822	0.007764139
SCN2B	0.01998888	0.04967408	0.35095946	0.01026119	0.98286906	0.02620235	0.25886096
TAGLN	0.010427878	0.001097688	3.875525909	0.02906658	0.059211373	0.00955399	0.014520378
JPH2	0.007251136	0	0.3122618	4.840529e-05	0.0002143987	0.001573589	0
CDH22	0.0131539888	0.6504916834	0	1.93864e-05	0.0403119037	0.0009268104	0.1111708116
CDC42EP2	0.03721199	0.09559339	0.15969356	0.06184599	0.08088135	0.85343616	0.05277909
CNKSR2	0.009943189	0.121697653	0.001789805	0.001580888	0.631104237	0.037477683	0.033956002
PCDH15	0.002639301	0	8.286593e-05	0.001024796	0.0807289	0.030093	0.8117017
GPM6A	2.71947161	3.08331325	0.02652151	0.01872518	2.04878985	0.13269008	2.09961036
PIP4K2A	0.15492526	0.15545116	0.1231781	0.05283536	0.10860511	1.15221973	0.20489386
ABCB9	0.47407874	0.86721233	0.06517717	0.0187904	0.18251705	0.01628584	0.01139031
SLC7A11	0.7676997197	0.1503867054	0.0007556714	0.0175162652	0.0028175268	0.0061067703	0.029591277
GPR158	0.0065131471	0.0222952526	0.0014130474	0.0003837149	0.5474120868	0.0017908068	0.115620609
TMEM86A	0.05504427	0.05502977	0.0706788	0.05912033	0.09583391	0.02474581	0.67216456
SLC2A13	0.008205162	0	0.009335831	0.004346392	0.261703308	0.001970251	0.061322412
THRSP	0.8136765	0.9829042	6.893765e-05	0.07499429	0.2300367	0.0448415	0.04256659
CCDC3	0.0377436393	0	1.5801865049	0.0017119905	0.0212818845	0.005104191	0.0001737251
PTPRO	0.0008385387	0.04522898	8.286593e-05	0.0001766691	0.172098	0.01231443	0.394809
QDPR	0.6050682	0.4885684	0.3765499	0.6814451	0.5811268	3.5995485	0.715412
ANO4	0.00397566	0.040724352	0.01208431	0.001676694	0.024772376	0.332076199	0.061216709
EDNRA	0.085364408	0.122356701	1.094520733	0.007632533	0.0021671	0.003048437	0.091289908
FLI1	0.0009141743	0.0010477739	0.0298099988	0.7942896136	0.0016824933	0.006560226	0.0351009128
GABRA2	0.096564912	0.573198074	0.001143861	0.005032249	0.18610858	0.009684852	0.038793379
BEND6	0.022159732	0.076741628	0.004034536	0.001910649	0.464420005	0.013225994	0.177300643
KCNE4	0	0	1.3161185718	0.0070135437	0.0021646256	0.0001152629	0.0175236628
GRID2	0.03933849	0.5294782	0	1.645332e-05	0.03186174	0.0180534	0.07611245
RIT2	0.004490584	0.0005315611	0.001362674	9.017756e-05	0.7311828	0.0007072939	0.4936613
KCNK13	0.008294516	0	0	0.000343951	0.019698993	0.752134334	0.083190468
CAMK4	0.017532281	0.136535078	0.003924742	0.007988971	1.160739207	0.018876836	0.153377272
PFKM	1.19056613	1.83831718	0.25011658	0.13653588	0.71716446	0.04589869	0.66767428
GRIA4	0.019442635	1.7777384472	0.0004843119	0.0024054931	0.3069993824	0.1683369626	0.695286537
SPARCL1	4.0749932	4.3525987	4.125502	2.6902578	0.6227586	0.4410013	2.5952946
GJA1	2.86895766	2.48419441	0.01057785	0.36977252	0.0399396	0.05602192	0.10466264
UTRN	0.12295715	0.22475929	1.84445437	1.53089808	0.39854699	0.02029405	0.08825669
GRM1	0	0.0114754525	0	0.0003281147	0.5675095117	0.0117498262	0.0015543189
RAB3C	0.018693756	0.092521362	0.002574312	0.003586642	1.021685109	0.014469535	0.197191677
NRSN1	0.050218857	0	0.002684739	0.003296255	0.543679143	0.026564146	0.103269509
ZIC1	0.0085799131	0.1814148626	0.2252829776	0.0060008916	0.2441707326	0.0036493303	0.0006953934
CARHSP1	0.28595305	0.02213026	0.35882769	0.21368846	0.34149479	1.37995765	0.27100909
MERTK	0.758289274	0.254169541	0.437628524	0.106231144	0.011851745	0.007100894	0.094240807
NMRAL1	0.057073398	0.031983143	0.00634301	0.005708253	0.178210824	0.96585942	0.309783159
C16orf89	0.001041739	0	0.00997904	1.196413199	0.000645455	0.002166778	0.000325628
PTPRD	0.149261835	0.500018479	0.007222858	0.031213471	0.243646503	1.390884586	0.448156667
KCNJ16	0.5132383563	0.6010725784	0.0006859086	0.0016170221	0.0024640795	0.0086889943	0.5862356929
PID1	0.20875914	0.19234969	0.42828408	0.01247771	0.1779441	0.01164795	1.33393572
LGI4	0.448248	0.9214691	0	6.746864e-05	0.01863933	0.01762198	0.002160144
DDAH1	1.74932298	2.02378158	0.01948213	0.62179606	0.22779479	0.11186727	1.5248421
SEMA3D	0.0005365863	0.0915196454	0	0.0008265801	0.0582036423	0.0800355092	0.7981120011
ROBO4	0.0003116671	0	0.0076606865	0.7535447377	0.0005210052	0.000615335	0.0002686473
ABI3BP	0.003480541	0.705391564	0.014721756	0.003533051	0.071443277	0.003260444	0.002546397
ANGPT1	0.0772385767	0.0145970042	0.4261910118	0.0004271096	0.0150563496	0.0116283945	0.0169934231
C4orf19	0.07439444	0.3713339	4.356019e-05	0.004289806	0.02041545	0.02936293	0.6537357
UCHL1	0.03715914	0.09783808	0.04457346	0.04375245	1.03774895	0.05339602	0.28768529
PDLIM3	0.0050359744	0.0969493911	2.1383466879	0.0043331705	0.0051947428	0.0064906554	0.0007529077
C21orf91	0.03469418	0	0.03230168	0.06910618	0.02242366	0.46308782	0.06610714
FGD5	0.0001276999	0	0.002897422	0.452915	0.009732082	0.002792099	4.802201e-05
PLCL2	0.0085988852	0	0.0015464128	0.0005108575	0.2349556643	0.0030193938	0.0152313908
APCDD1	0.0475181755	0.0005315611	0.4072152233	1.0831843692	0.0257312877	0.0245216487	0.0933154028
ACSS1	0.453839642	0.292611602	0.101983096	0.004883218	0.032527568	0.020219215	0.292702605
CA10	0.0174369723	0.8577147392	0.0014070867	0.0002698546	0.250306699	0.0038869933	0.2010035972
PTPRN2	0.0155941109	0	0.0013354895	0.0004356267	0.3715802597	0.0021799202	0.2019591293
AGPAT5	0.9528159	1.5644193	0.2724359	0.1691521	0.2931959	0.3495945	1.1168907
MARVELD1	0.017965019	0	1.436882885	0.092070271	0.009166491	0.009107793	0.0561369
GOLGA7B	0.0079106759	0.0740920021	0.0003744347	0.0002683054	0.6282531539	0.0176037169	0.0071033822
DBI	1.8325067	2.8042196	0.6588212	0.478188	0.4907553	1.510541	2.0943338
GRIA1	0.0678847597	1.6392426129	0.0090649637	0.0007709916	0.5398732681	0.0277711473	0.0973960796
SLC24A2	0.0370069688	0	0.0030401038	0.0009723521	1.1378164738	1.1186063196	0.0542339149
MMP16	0.033035938	0.0041831679	0.0002840857	0.0002233202	0.2019530857	0.015952999	0.8805937732
KCNMA1	0.0695185966	0.0568676415	0.1852204391	0.0003962479	0.6522840731	0.0068572312	0.1981556188
TSPAN7	3.42578174	2.33816088	0.3869349	0.04408358	2.00530588	0.88805515	2.10833506
RAB11FIP1	0.0001123791	0.0066693284	0.0002907324	0.372902794	0.0124757248	0.0021507987	0.00011546
NMNAT2	0.021140236	0.05469542	0.318617674	0.002650142	0.439916277	0.00907326	0.505563899
ATP2B2	0.197254843	0.135510243	0.004097997	0.002489731	1.338924778	0.033892822	0.225827325
SLC6A1	2.076717891	1.763339507	0.00652173	0.003988654	0.485757492	0.58763884	1.834822181
RBPMS	0.0060084778	0	1.6419030538	0.3890123547	0.0019682103	0.0110053349	0.0009912591
TIMP4	1.476847017	3.160838506	0.151421978	0.002257943	0.115171065	0.07034358	1.169116553
SYN2	0.25226192	0.42491055	0.05067845	0.02231336	1.39921086	0.03093296	0.81935661
MMP14	0.425588993	0.587015765	0.307670517	0.015969936	0.084304101	0.007519613	0.515210252
FZD1	0.109827062	0.935427087	0.054983756	0.028296478	0.040145641	0.005212226	0.050865566
IL34	0.005821628	0.00735387	0.8904296	0.030043216	0.192505649	0.008280598	0.001883518
CACNA2D3	0.007380176	0	0.0003429273	0.0002507324	0.4932881447	0.0034443662	0.0988552533
SNX22	0.012964135	0.001122464	0.003069021	0.004627554	0.038704138	0.087882476	1.196041491
MEGF11	0.0108405484	0.0590582072	0.0004812865	0.0122769884	0.2246013127	0.0257844972	1.354259418
XDH	0.0067664311	0.006405163	0.0076353086	0.4660148915	0.0002531537	0.0009860596	0.0008387299
ABHD3	1.62978959	1.23682106	0.06876889	0.01266009	0.1033136	0.35176026	0.68082161
COLEC12	0.0169654612	0.414470023	0.2158752238	0.053732094	0.0001660881	0.0004635032	0.0062888452
SLC13A3	0.2485993685	0.1881860307	0	0.0024317586	0.0006118176	0.0104487054	0.0083634512
TSPAN33	0.084648244	0.288413695	0.009407105	0.002983195	0.065004413	0.001075034	0.010352502
DYNC1I1	0.006665281	0	0.016087465	0.066485548	0.863808781	0.037160109	0.069793334
TAGLN2	0.08963528	0.01082102	2.11549094	2.13262062	0.05912798	0.0600058	0.79244026
NBL1	0.104875873	1.10538761	1.840866609	0.090254643	0.103287015	0.006742457	0.327173862
F11R	0.013738816	0.026925431	0.208692025	1.105188587	0.005800619	0.00492923	0.002693388
ADAMTS4	0.017619702	0	0.164795001	0.006306521	0.017905399	0.676874787	0.053241213
LAD1	0.001931798	0	0.001929368	0.002046518	0.00538484	0.009886206	0.562120248
CSRP1	1.4753163	1.3595267	2.7362683	0.5045099	0.1546033	2.7583649	0.5247659
HK2	0.016819828	0.542500056	0.012666362	0.002661004	0.004503376	0.008491356	0.004704565
CELF3	0.0034380433	0	0.0005904748	0.0029507501	0.228033045	0.0037798121	0.1175979587
THEM4	0.26929075	1.00660195	0.02212511	0.04217504	0.20667245	0.09607777	0.14632409
TPPP3	0.275331	0.50104586	0.73063432	0.10989133	0.09013613	1.6393347	0.07749861
RGS12	0.21017653	0.03835742	0.05128404	1.09652862	0.12940975	0.01388196	0.06070885
PTGIR	0	0	0.1462968913	3.24012e-05	0	0.0003156297	0
PDE9A	0.059329176	0.270058225	0.00593765	0.005657527	0.060514585	0.008453886	0.018965032
CBS	0.895390237	0.753877035	0.050491186	0.002403487	0.041583304	0.060529407	0.02431703
RALGDS	0.33298368	0.51237907	0.02960965	0.11529116	0.15635918	1.19445465	0.49169627
DIP2A	0.100276	0.10315622	0.06097574	0.08106864	0.10173902	0.70865172	0.17786265
S100B	1.163287838	2.010108493	0.004015114	0.007130621	0.101185415	0.420649052	1.296610418
TLCD1	0.868632835	1.184820749	0.008061714	0.009606042	0.013769242	0.00527912	0.226821178
CHRNB2	0.0060600771	0.0091192747	0.0006199897	0.0047054774	0.4010010867	0.004597291	0.0147140506
PAQR6	0.364458985	1.042027612	0.004321601	0.001841923	0.001995883	0.096504575	0.01437182
IER2	0.045747792	0.006575695	1.445928091	1.849447073	0.328464422	0.127289716	0.159047451
LY6E	0.02480455	0.03383709	0.07625373	2.82548167	0.34110052	0.03388905	0.31310867
GRIN2C	0.916469032	0	0.001255092	0.001060444	0.066711943	0.007669595	0.025877278
MPP3	0.0136126704	0.0014201046	0.0006437932	0.0048311351	0.3866989208	0.0002644616	0.0605626574
JOSD2	0.1399253	0.1536224	0.1838296	0.126395	0.2091605	1.1559723	0.3304841
GNG3	0.015814973	0.042630744	0.011170066	0.001119052	0.975630978	0.03457068	1.048863007
ITIH3	0.5395561558	1.4638224316	0.0007707209	0.0063910645	0.0202011772	0.2749656624	0.0607783101
ELAVL4	0.0321532139	0.0075887489	0.001237185	0.0001991326	0.5881143722	0.0127770181	0.596514821
ACOT11	0.329513572	0.461346117	0	0.001100775	0.012490004	0.016976481	0.016852704
PDPN	0.485881718	0.359413515	0.001153634	0.010382598	0.039351165	0.016897675	0.3694397
SDC3	0.16562573	0.66416987	0.12195577	0.34468932	0.18678092	0.01245951	1.57457483
NEXN	0.013480404	0	0.5930478138	0.0005841673	0.2386564402	0.0026617236	0.0098763676
NTNG1	0.0019227149	0	0	0.0029322886	0.2317704282	0.0002568616	0.001616701
VCAM1	0.909697136	0.131009157	0.001892976	0.228027532	0.028372251	0.004797251	0.302145506
CADM3	0.015464674	0.001047774	0.008051154	0.00174233	0.457245339	0.018863175	0.176513074
DDR2	0.012370848	0.00304941	0.599590592	0.023775414	0.012379128	0.004927897	0.03951141
C1orf115	0.0108460131	0	0.0264785223	0.6488481031	0.0096620281	0.0006145293	0.0037877834
NOSTRIN	0.0002405667	0	0.0228450077	1.1240415317	0.0042734239	0.0004247219	0.0008064909
C1QTNF7	0.0003501706	0	0.6446142	0.001480021	0.0004314404	0.0005230291	5.825232e-05
GABRG1	0.7087340568	0.3368632372	0	9.42538e-05	0.0411189377	0.0066406187	0.2593819451
GABRB1	0.8368420135	0.8388487092	0.0003072782	0.0002351973	0.2606802083	0.0171792436	0.2347698433
PBXIP1	1.37901742	0.66309359	1.86629029	0.23266207	0.02562046	0.10926169	0.08369165
TAFA4	0	0	0	0.000496084	0.009508856	0	0.297858833
SLC15A2	0.599446926	0.060427172	0.0081622	0.003030739	0.012065827	0.011888368	0.130765339
LMOD1	0.0100455689	0	1.5967692799	0.0041276375	0.0092044584	0.0145620335	0.0006419723
IGFBP7	0.02863666	0.05510429	3.66405092	2.92904896	0.03093207	0.01576156	0.05547734
CCDC141	0.184733576	0.077796679	0.038528972	0.932709504	0.012056699	0.004645535	0.007669177
TGFBR2	0.020544903	0	0.359243888	0.829864547	0.009273366	0.009040538	0.002006203
NFASC	0.157363999	0.477868174	0.005023749	0.001341208	0.275630971	1.032506181	0.389067808
DCLK3	0.0004699478	0.03959716	0.0007533569	2.898889e-05	0.6445177	0.0233376	0.002044741
CLEC3B	0.0201154775	0.2354521128	0.0004041375	0.0077994093	0.0051888793	0.0016016572	0.0003379933
LRRC2	0.0353527889	0.2710138292	0.0001564153	0.0009579384	0	0.0006895536	0.03150279
GRIK3	0	0	0.0004733328	2.126586e-05	0.1263783	0.0071251	0.2556674
HEYL	0.0855501783	0.0006305867	1.231283274	0.0141472138	0.0039778603	0.0034992253	0.003581795
EMCN	0.0014702607	0.0009029964	0.0635188193	1.9689218451	0.0095749107	0.0021788575	0.0006330943
BSN	0.0171114171	0.0230331243	0.0009267747	0.0002549689	0.485655471	0.0086259707	0.0410282029
CAMKV	0.0205245521	0	0.0034465171	0.0003186989	0.7090011866	0.0047918735	0.024642395
SCRG1	0.792833252	0.6229655419	0.0001079581	0.0016749678	0.025841284	0.0539100124	1.5857655103
NPY1R	0	0	1.2396657829	0.0034509577	0.0422251171	0.0001350318	0
HHIP	0.043678259	0.152348214	0	0.002406733	0.002964717	0.423472665	0.055454299
EDIL3	0.0439051375	0	0.0005254964	0.0061224195	0.1159987363	1.3676113477	0.6620057884
RNF180	0.1112694675	0.0122930206	0.011758978	0.0002353698	0.0632906411	0.0077733373	0.4998384877
TLR3	0.439027504	0.152144839	0.013467564	0.083675213	0.000345922	0.002373206	0.040136958
FOXQ1	0.0032220812	0.0006035128	0.0170771102	1.1052859884	0.0019144845	0.0004666741	0.0006360323
ACSL6	2.086620285	1.3542908	0.001047833	0.038666853	0.349002928	0.062452042	0.310849152
SEPTIN8	0.30077272	0.51731372	0.55690021	0.07368268	0.25253701	1.81446012	0.7360558
FABP7	0.65642333	0.71705025	0	0.00224122	0.12114983	0.0391996	1.36103568
GALNT10	0.01798111	0.02274482	0.08068942	0.05857375	0.02863188	0.02238491	0.69530601
SOX17	0.005022831	0.0002900837	0.0394658229	1.4407850242	0	0.0005407914	0.0005822665
PHKG1	0.563589884	0.311699615	0.046865257	0	0.011547829	0.0120044	0.007935662
NOS3	0.015376117	0.033538295	0.022686931	0.807417108	0.014929953	0.002987494	0.051562188
BAALC	1.3738697266	0.9135757546	0.0001958904	0.00316759	0.1586935079	0.0702148333	0.4028007753
DIRAS2	0.02781341	0.0129376	0.006203597	7.065898e-05	0.3776703	0.003415317	0.07225437
MAMDC2	0.0117095165	0.3249743262	0.247686407	0.0004706298	0.0021791142	0.0003818621	0
ALDH1A1	0.423336849	1.297910558	0.002451742	0.038777956	0.01293604	0.10784113	0.067569536
SLC7A3	3.996005e-05	0.0006491794	0.00159202	0.0523467	0.04701409	0.002464217	0.7476414
UCMA	0.014992764	0.244385359	0	0.00294611	0.027194193	0.002109186	0
STK32C	0.0144556779	0	0.0145219099	0.0002637167	0.5174015402	0.0074488645	0.0534940067
NDRG2	3.54246114	3.66873023	1.81628593	0.06788595	0.47094117	0.89039577	2.12538375
PDZRN4	0.005615656	0.01982008	7.338601e-05	0.0001715746	0.09105826	0.008433045	0.3815635
HTRA1	2.49178533	1.59728959	0.74944956	0.36395094	0.07383566	0.8981672	1.32723068
CMTM5	1.370164938	1.905911229	0.002153006	0.006039718	0.034644834	2.079317365	0.947097244
ADAMTS15	0.002479223	0	0.2231099	0.000679816	8.945489e-05	0.0002802079	4.354402e-05
SVOP	0.0008358575	0.0497307055	0.0013618655	0.001984007	0.3437460762	0.0036287384	0.1194461896
LRTM2	0.215813659	0.631152939	0.001013309	0.004771418	0.311080324	0.006459096	0.521061737
CKB	4.0334774	4.1419757	2.7912596	0.3423377	3.5349622	3.1631962	3.7739899
LARP6	0.0407584	0.000480122	0.063321931	0.001271295	0.206921796	0.795981429	0.183512938
GABRB3	0.024381631	0.001275917	0.011314106	0.004038443	0.579189842	0.002571931	0.256800631
CYYR1	0.0002306838	0	0.008825391	0.296505	0.0001176343	3.408391e-05	0.0002445427
TMEM100	0.57515514	0.1798935	0.66035375	0.1898851	0.01786672	0.01133831	1.74795711
TMEM130	0.0102161984	0	0.0021713477	0.0005677237	0.6814001174	0.0024738719	0.0094855683
SEC11C	0.3769194	0.4429577	0.183158	0.320636	0.3656729	1.5549925	0.9011138
RRAD	0.0163525273	0.0325614134	1.7761797249	0.0200795658	0.0034213684	0.0231328239	0.0005601328
B2M	0.5062142	1.0549078	0.9669359	2.8247099	0.226292	0.2555663	0.9190773
SLFN5	0.0014405272	0.0010477739	0.0508317504	0.8012367401	0.0008973682	0.0007521384	0.0005464286
RBPMS2	0.027520899	0.171524723	1.482846494	0.003788903	0.009009049	0.002643451	0
CACNG2	0	0	0.006870208	2.039946e-05	0.2012063	0.001177747	0.002524234
ELFN2	0.0052614525	0	0.0004450971	0.0002715879	0.0980280294	0.0179622676	0.4112733051
SMAD3	0.08228058	0.54977285	0.13832964	0.09784687	0.09548021	0.03003988	0.17037816
GPRC5B	0.67074527	0.6268559	0.15294525	0.01863591	0.11973592	1.11029408	0.20902788
RBFOX3	0.022390879	0.13111631	0.009435741	0.002225562	0.889810506	0.024740792	0.029149393
OR51E2	0	0	0.2553909	2.270424e-05	0.0001514597	6.169176e-06	0
PRRT2	0.040485954	0.016564816	0.039285264	0.007471804	0.518866808	0.007540983	0.076062964
CA4	0.0192500269	0.0005908634	0.3456819281	2.2081262628	0.0609925805	0.0048226257	0.012489229
GPD1	0.122576104	1.377046987	0.021429383	0.004262593	0.239765679	0.450642385	0.784165189
TTYH1	2.45303681	1.99509492	0.03733284	0.017545	0.43380464	0.64593845	1.47817996
PPP1R14A	0.018828794	0	0.621585675	0.008793029	0.004947325	0.738628261	0.029187402
MGAT5B	0	0	0	0.0007203106	0.1009857412	0.0024144262	0.3118944387
TRANK1	0.009280919	0	0.001008211	6.532999e-05	0.3990562	0.001276503	0.03792098
SCARA3	0.884987727	0.096310848	0.011209674	0.01154669	0.018622571	0.005195962	0.016312953
KIF5C	0.089343061	0.779636081	0.022672534	0.003536579	0.990783733	0.186734618	0.105249793
FAM107A	1.65821505	2.04676043	0.01097982	0.44307532	0.07296505	0.0950888	0.07580461
MOBP	0.28201482	0.17025451	0.03986413	0.09192759	0.05798306	3.29356802	0.29784068
XIRP1	0	0	0.2155465	2.039946e-05	2.926722e-05	0.0004952166	0
DEGS2	0.0077173261	0.0003437559	0.0183752515	1.5600855003	0.0418059867	0.0015977473	0.0233307493
FILIP1L	0.00524993	0	2.287683338	0.111073594	0.02762008	0.009732829	0.021965362
KLHL30	0	0	0.3219087	0.001157887	0.005013794	2.916569e-05	0
LGI3	0.156219133	0.05073958	0.093597205	0.004440474	0.23736709	2.267830469	0.337528343
PHYHIP	0.0182187683	0	0.0138185244	0.0004522331	0.6422709916	0.0059139069	0.0066746353
GFRA2	0.009022031	0	0.364918441	0.002808729	0.031235744	0.001917067	0.139871835
SLC16A4	0.00984044	0.017532793	0.008891381	0.798734017	0.008054758	0.002313558	0.00191073
NSG1	0.11635378	0.11894073	0.03471947	0.07160954	1.46861962	0.08947385	1.18975214
ENHO	1.36986609	1.4896344	0.09497809	0.00846791	0.35503688	0.21754238	0.93307581
GRM5	0.018681447	0	0.001364996	0.001362308	0.626619243	0.003518302	0.375757035
CPLX1	0.0235629545	0.0785153934	0.0014220554	0.0009544907	1.0113785478	0.0194994986	0.1100055844
NTSR2	2.895997818	2.658858012	0.001714936	0.007457295	0.126580638	0.117790944	0.636494161
GSG1L	0.044950717	0	0.003014606	0.004436019	0.47689404	0.002317964	0.19100819
GPRIN1	0.005605059	0	0.0005039542	2.039946e-05	0.2361371	0.00178948	0.08504142
KCNAB1	0.005335019	0.065508645	0.86708435	0.003894575	0.598931061	0.050473195	0.112414738
SHE	9.710105e-05	0	0.02580078	0.4503754	0.0007563343	0.0002130936	0
STK32A	0.003217436	0.296144088	0.001056485	0.001404038	0.151624753	0.001144944	0.386016689
SLC38A11	0.0041287937	0	1.4012806997	0.0095097211	0.0004952287	0.0026089403	0
GJB1	0.025339063	0	0.001228589	0.003171969	0.00155812	1.052775332	0.124831912
LINGO1	0.0324391249	0.0170659195	0.0258880501	0.0007880266	0.2093373566	0.0012412313	0.510790033
GSX1	0.0006287965	0.0002900837	0	0	0.045016991	0.0028208696	0.2429227196
CTNND2	0.8749197701	0.7100347004	0.0004790011	0.0040030136	0.4325223491	0.0489437998	1.0411202595
TM4SF1	0.081857377	0.004604593	1.707006963	1.83156356	0.006443354	0.006428532	0.006868453
GPR37L1	3.2519068	3.874105211	0.001441741	0.009685664	0.121596119	0.151730054	3.15758421
NSG2	0.018455572	0.010473421	0.002677545	0.002234851	1.013560316	0.005055448	0.237108827
HSPB2	7.281336e-05	0.003523568	1.042542	0.006349344	0.01731558	0.01556732	0.01692749
CMTM8	0.0098860754	0	0.0177359549	0.8169048873	0.0008029708	0.0005191278	0.0001723171
LRRN2	0.1207485927	0.1737603553	0.0021301354	0.0007507246	0.3873161164	0.0075590516	0.8203594566
SLC30A1	0.09065445	0.06062955	0.07931799	0.9555155	0.09531946	0.05449805	0.07433198
GPRC5C	0.017461438	0	0.9246729582	0.0056539174	0.0375985824	0.0001654512	0.0002597592
VSTM2A	0.0137567878	0	0	0.0005326116	0.3385226196	0.0002419265	0.3909580984
DLGAP1	0.3871945515	0.5815283772	0.0007457526	0.0026693477	0.3618798183	0.0324959246	0.5513308193
GPR37	0.309825458	0.136696181	0.006050183	0.002118759	0.012965058	2.06113722	0.095931839
CEACAM3	0.0391061757	0.0009742658	0.0249073033	1.021892993	0.0099516461	0.0113015261	0.0051246033
S1PR1	2.22370166	1.88626435	0.05894982	2.0160459	0.03485457	0.04190269	0.11013301
HS6ST2	0.0001841957	0	8.778033e-05	0.000268404	0.2562703	0.0008234945	0.03344075
SOX7	0.0146052339	0	0.0207313358	0.4616605913	0.0011009709	4.501e-05	0.0004487737
KCNK3	0	0	1.075676735	0.005822713	0.217067844	0.006154411	0.436973487
CHST11	0.107015646	0.003476638	0.050066255	0.107428955	0.110448953	0.006475766	0.423935266
TPPP	0.05186136	0	0.05188065	0.01077369	0.34518321	1.41820186	0.13142986
MCC	0.236546738	0.646815952	0.002490542	0.360168222	0.02478682	0.003689299	0.027419825
HOPX	0.354308528	0.841979193	0.024676247	0.001384837	0.010643454	0.04948729	0.009677386
DSCAM	0	0	0	0.001049501	0.104560121	0.007925101	0.507706365
GATM	0.501446	0.73038603	0.12172675	1.41202566	0.06106006	3.14834353	1.68167824
KNDC1	0.02567846	0	0.0004532031	0.0008111572	0.0829610155	0.6495980192	0.0814779844
AQP4	1.8160142576	2.0806415544	0.0009563097	0.0029054535	0.0051975788	0.0390414358	0.091043281
SCG2	0.03737229	0	0.003223336	0.006952507	1.457776403	0.004896115	0.025494436
MAL	0.128915408	0.001376954	0.010166481	1.555949665	0.025583096	3.462962728	0.188190645
SNTB1	0.01097944	0	0.1940774	0.002595029	4.625537e-05	0.0001408388	0.002094297
ID4	1.47304037	1.72057978	0.04884715	0.01673387	0.27795835	0.03235854	0.09646424
CEBPB	0.08202877	0.01545881	1.70658079	0.17136787	0.06711866	0.02801441	0.08044036
C1QTNF4	0.02238965	0.04043518	0.01753443	0.0161899	0.84178565	0.01578956	0.39867568
NEGR1	0.1272643567	0.4680322062	0.0004056813	0.0003244093	0.6361089229	0.025781316	0.1763566215
BSG	1.437752	1.1484767	1.3649459	4.8655536	1.475734	0.8432788	1.7363317
CSDC2	0.676675703	0.198965126	0.013619942	0.009249668	0.328955433	0.064537717	0.075683245
IL17D	0.0304528265	0	0.0164833452	0.004287315	0.0347844833	0.0009932544	0.2224140796
PDE3A	0.005148333	0.083013916	0.994802246	0.004960938	0.038312567	0.012341167	0.042584836
EGFL7	0.005703127	0	0.029366202	2.097284879	0.104145245	0.00305975	0.01035463
MRGPRF	0.002238988	0	0.456099979	0.003026606	0.001007722	0.002315815	0
ABCD2	0.423547172	0.161452601	0.007691247	0.001469765	0.18740762	0.015900392	0.017409882
SNCG	0.0356293898	0	1.9522519403	0.0631785296	0.0052973086	0.005086563	0.0004408341
MMRN2	0.0077310872	0	0.0485657585	0.8733837006	0.0073559182	0.0003549204	0.0004501961
PPP1R14B	0.16388397	0.09808999	0.05645755	0.04110328	0.22346016	0.02434591	0.7053423
CSPG4	0.01574708	0	1.50249555	0.0264327	0.03743694	0.01164812	1.85466789
SLC19A1	0.0591512	0	1.52477442	0.04323466	0.04825995	0.04732399	0.12948636
HSPB7	0	0	0.4845145927	0.0017206922	0.0002981373	0.0001168569	0
SUSD5	0.001291876	0	0.647033414	0.001779653	0.022528255	0.006882518	1.110872143
CNP	1.0460244	2.1924668	0.1861891	0.1227105	0.3139417	4.3566475	1.6202171
DPY19L1	0.11046513	0.14547239	0.05816074	0.21315199	0.14386318	1.12846749	0.52833417
C1QTNF1	0.0068184344	0	0.361309928	0.0036146445	0.0099285816	0.0006003464	0.0031933465
CD34	0.016567144	0.001557664	0.049606289	2.295159953	0.051418982	0.016631232	0.006581089
PHLDA3	0.07873894	0.05737801	0.8313133	0.08587802	0.10270292	1.06146065	0.4764675
ZCCHC12	0.0236678163	0	0.0004519095	0.0005428014	0.5258038095	0.0078798463	0.2175758946
CNTNAP2	0.0471246817	0.0378382894	0.0005693677	0.0003184191	0.5377236259	0.0058773791	0.0116062531
IGDCC3	0.04416548	0.19789687	0	0.01346721	0.01542917	0	0.01813907
TTC9B	0.0010363035	0	0.0005506509	0.0016535158	0.2640172665	0.0017633918	0.0712086442
UGT8	0.04158637	0	9.929527e-05	0.002812427	0.01302323	1.832893	0.6053314
CD248	0.01303041	0	0.833552	0.03209014	0.00671309	0.00154546	0.01945069
CNIH2	0.0289878993	0	0.0006604488	0.0044698376	0.6158114535	0.042472001	0.2075712965
SEZ6L2	0.038224233	0.0738865738	0.0135750365	0.0005109368	0.424159489	1.3220442684	0.1188437189
KCTD13	0.11493742	0.08626131	0.07964077	0.05092812	0.64904457	1.72545953	0.22881676
P2RY14	0.009782516	0.0427393	0.710937058	0.038257734	0.049428447	0.001133332	0.030745733
AMZ1	0.021302372	0	0.000181605	0.026833603	0.037118535	0.005608645	0.769736434
ZIC4	0.021395685	0.220846652	0.236825332	0.004259088	0.088027445	0.002954756	0
CA5A	0	0	0.0042502002	0.4764124922	0.0005855397	0.0001638368	0
CHST2	1.7098594	0.4589717	0.187047	0.1167305	0.2793204	0.2496535	1.6655041
DES	0.0007729794	0	2.1591558218	0.0162297548	0.0027757346	0.0017250859	0.0059836436
YPEL2	0.035701379	0.007624256	0.077589833	0.05965633	0.51305703	0.711975319	0.079512034
CHST1	0.709660022	0.083398048	0.02330183	0.001526692	0.492028046	0.008451434	0.039899149
TP53I11	0.001472489	0	1.132136213	0.043580052	0.310236426	0.00540487	0.015141592
PHYHD1	0.0684121	0.67240118	0.01861632	0.01090427	0.02092539	0.02476393	0.02223886
MCTP1	0.0008532606	0.0555620082	0.0026872088	0.0047327358	0.3683635693	0.0011195407	0.0169763928
PNLIP	0	0	0	0	2.908674e-05	2.308385e-05	0.2708733
UCP2	0.07193687	0.987896861	0.079896884	1.474739758	0.03029974	0.042177705	0.007157119
NR2F1	0.251686737	0.32436413	0.182911445	0.005434929	0.123152457	0.01244431	0.185211933
ETV4	0.0822617928	0.0536879214	0.0008186615	0.0006754049	0.0057505351	0.0014179081	0.2399695416
A2M	0.026725099	1.0973234056	0	0.0002808958	0	0	0
C11orf16	0.02146207	0	0.2900384	0.00106654	0.0002398592	9.131365e-05	0.002333389
TPRN	0.0397041	0.0218735	0.03680755	0.11532769	0.11072617	0.89738198	0.09652768
LRRTM4	0.001105314	0	4.154455e-05	0	0.2655907	0.002612357	0.5285263
PRR18	0.084127781	0.014172064	0.002878627	0.009059355	0.03735668	0.888042233	0.174547639
GJC3	0.0488717764	0.655048261	0.0002883544	0.0076955255	0.0109417426	1.2920770738	1.1344530101
RNF152	0.003789738	0	0.767533305	0.044333762	0.173663385	0.006756101	0.026622063
FOXC2	0	0	0.2064258	3.984688e-05	0.000156995	9.741495e-05	0
CDK5R1	0.002411879	0.005533609	0.005268498	0.001764789	0.438538583	0.015366552	0.133369401
BASP1	0.0508160655	0.0005315611	0.0041158474	0.0035538481	0.7089246788	0.025633091	1.0840631926
IRX5	0.008593911	0.3002483	0	8.929499e-05	0	0.0007984306	0.01911667
GRIN1	0.0061737673	0	0.0024682167	0.0009180614	0.5434579528	0.0021206619	0.054406164
SOX11	0.1025899404	0	0.0001814411	0.0020734962	0.5058347862	0.0074832721	0.5207254233
LY6H	0.0094641722	0	0.0014118286	0.0003873371	0.310996474	0.0028774217	0.272563075
RHOG	0.18582345	0.2299949	0.24721666	0.36074027	0.02872447	1.87097958	0.33502632
TALDO1	0.4927883	0.3137653	0.7115753	0.9478173	0.7335144	2.0619432	0.9964584
CLVS1	0	0	0.0002055147	0	0.2735256899	0.0012361404	0.0059782524
GPR4	0.0316579518	0.061714173	0.0665527297	0.8372482749	0.021124849	0.0008199838	0.0319943371
ST8SIA3	0.007847778	0.004891907	0.004475421	0.00247967	1.092354587	0.015603933	0.397726231
RPRM	0.0392930791	0.0005856292	0.0006774423	0.0002386703	0.1087211569	0.0028873461	0.8641035858
ATOX1	0.217098	0.3233011	0.3256595	1.2409235	0.2876238	0.227607	0.2961501
SRRM3	0.002142007	0	4.154455e-05	0.0002917876	0.2257643	0.004774671	0.122368
MLF1	0.055051492	0.000488624	0.340798728	0.013054792	0.011625713	0.002363368	0.021462403
GLDC	0.585551	0.3512716	0.0006859086	6.774215e-05	0.02679983	0.009024013	0.0739974
CTXN1	0.17370343	0.04659637	0.03134716	0.01070653	1.20363664	0.0328393	0.80734301
CA8	0.2139614353	0.1154131801	0.0006169588	0.0040989308	0.0216423996	0.0203165343	0.8506229411
MAF	0.002648984	0.322090859	0.127367444	0.018175051	0.013347226	0.00401733	0.049282927
THBD	0.0038368803	0.0013877717	0.2032907595	1.1455906205	0.0022334265	0.0011020276	0.0005163354
APOLD1	0.013837187	0	1.826004541	2.461256508	0.035036304	0.008048853	0.026921433
KLHDC7A	0.1475037446	0.0198174593	0	0.0002629278	0	0.0010776314	0.000675439
TMEM125	0.0351591007	0	0.0002672143	0.0040647427	0.0032389951	1.2426895414	0.0315283477
CDH4	0.126679325	0.438230754	0.088485366	0.005751385	0.203189083	0.007963924	0.199619664
TMEM151A	0.075795355	0.001291911	0.003854699	0.004897775	0.50856009	2.273895826	0.134571283
WSCD1	1.0836065	0.868499915	0.001665459	0.222391173	0.165815875	2.243895787	2.188081561
GATA2	0.0002863579	0	0.0238309144	0.6711380743	0	0.0036021828	0.0005118106
PACS2	0.08451	0.03988665	0.08314651	0.05670273	0.06562159	0.82748885	0.09910589
GPC5	1.094796881	0.295522445	0	0.003925297	0.021855395	0.026158934	0.953197388
VWA1	0.25761829	0.26436188	0.08651479	3.03066887	0.04057396	0.17378809	0.25186414
FJX1	1.227781597	0.323651231	0.105312051	0.002100168	0.150784553	0.017324185	0.150774906
CDC42EP4	0.40945376	1.39657147	0.9202854	0.56013942	0.12663971	0.01399264	0.31749555
RPRML	0.00518712	0	0.0005410317	2.898889e-05	0.3876745	0.002497442	0.007283181
FOXS1	0.003503159	0	1.356940813	0.022949572	0.001606558	0.002476619	0
CDH5	0.001484924	0	0.0126928753	0.6812436256	0.0004063327	0.000483382	0.0002532008
AKAP5	0.0227189132	0	0.0024560879	0.0006792919	0.5548791725	0.0079505507	0.0768197109
NRXN1	1.511159241	0.225008764	0.008193205	0.011198824	1.16400051	0.119375955	1.871934057
ALX1	0	0	0.2068358987	0.0002168112	0.000130966	0.0006539216	0
FZD2	0.4294016068	0	0.1219057316	0.0004749716	0.0316729159	0.0023413298	0.010757418
GAS1	0.400517479	0.986927481	0.014243744	0.002999534	0.084031523	0.006845551	0.595424781
S1PR5	0.0402514455	0	0.0002123197	0.001522182	0.0451246409	1.1925391437	0.0562788981
OR51E1	0.0001296107	0	0.994961271	0.0029579913	0.0004228115	0.0004778087	0
MAP6D1	0.0201601474	0.0462658279	0.0009727534	0.0039388214	0.1067710184	0.7519252821	0.1363802387
GREM2	0.0001593999	0	0.2224873607	0.0001053701	0.0394863488	0	0.0035991122
GPR62	0.021044957	0.020679066	0.036259985	0.003253639	0.069298845	0.852735542	0.084358515
NQO1	0.06972414	0.42659616	0.0256772	0.03071316	0.03094301	0.02630471	0.03339422
AATK	0.13425407	0.156815253	0.04633525	0.008208342	0.222827139	0.743429297	0.149782033
SOX2	0.679470709	0.402906039	0	0.001296237	0.139235512	0.104093203	0.528832781
GPR88	0.0003816403	0	0.0049154825	0.0025103773	0.8767515328	0.0063960891	0.0117527156
SLC2A4	0.016630888	0.125147926	0.700060046	0.004306781	0.025055888	0	0
ADO	0.1672142	0.1515276	0.2943797	0.1836517	0.3618566	1.9028942	0.8646021
FAM181B	0.697516039	0.900220655	0.004117539	0.180523264	0.096581604	0.013286844	0.673119246
FAM89A	5.72263e-05	0	0.0058448715	0.0093207751	0.0102091565	0.0060752145	0.6476352268
KCNIP1	0.0083234832	0.0394796123	0.0257761295	0.0002748126	0.0680561796	0.004926527	0.4274761327
KCNA4	0.0007219601	0	0.0001648487	0.0003190965	0.215866704	0.0007785657	0.0174665484
BGN	0.02713124	0	1.68144384	0.07248331	0.01974329	0.00562227	0.06456242
ADI1	0.2939099	0.7448191	0.2822214	0.1412856	0.3233882	1.2155262	0.5340135
HS3ST4	0	0	0.0005233279	0.0001431186	0.1691019764	0.0030340688	0
NTM	0.91342001	0.83133214	0.05553396	0.02511724	0.62590791	0.02468157	0.63165485
GRID1	0.05803583	0.1383776	0	7.956966e-06	0.09593579	0.006478779	0.2641465
CRIP2	1.0026206	0.3621564	2.6649594	2.8977473	1.0703844	0.1486013	0.554771
COL18A1	0.005466412	0.007086644	0.5480238	0.047524578	0.001606116	0.001434774	0.083849758
SLC25A18	1.587958318	1.586753841	0.002273487	0.001478176	0.022931018	0.040995953	0.193304751
SOX1	0.1186679293	0.2759897759	0	0.0003431508	0.0625152086	0.0037419155	0.003997309
GPC6	0.171136131	0.632132075	0.098775739	0.006955378	0.017168725	0.003092893	0.164543298
CSMD1	0.0304208256	0	0.0010549242	0.0002535159	0.1569625468	0.0041329482	0.2543005091
CALN1	0.002345406	0.177209245	0.01578627	0.004294031	0.743734707	0.012738122	0.032098889
ACSM5	0.00317466	0.1249116	0	0	0	4.125664e-05	0
TAFA1	0.0073439448	0	5.01273e-05	0	0.0492838241	0.0020402764	0.3495604047
OPCML	0.0089266116	0.001672649	0.0009511013	4.53131e-05	0.275472233	0.0623371012	0.9554859394
AIFM3	0.3992420577	0.3821567273	0.0002459669	0.003141109	0.0710520742	0.0221721758	0.0027367685
ADAP2	0.005080803	0	1.104289441	0.035991015	0.001050818	0.001018219	0.002463138
CLDN5	0.008745959	0.004290338	0.079038497	4.195815229	0.00706147	0.011435783	0.002761947
CNTN2	0.0517335815	0.0800285022	0.0004349169	0.0013246289	0.1729960135	1.3526573008	0.1369732882
KCNJ12	4.821465e-05	0	0.4767389	0.0008143642	0.06315339	0.005183958	0
OLIG1	0.4967464138	0	0.0001800725	0.0123632307	0.0926376067	2.4568034066	3.8748373454
PCDH9	0.486750804	0.542836918	0.001813236	0.001709286	0.608961091	1.435416954	1.058979838
OAF	0.744578242	0.001332413	0.120594033	0.019617949	0.009016755	0.008660168	0.082841761
KCND2	0.098335257	0	0.001761747	0.003433937	0.563238296	0.004043215	0.602785496
POU3F2	0.3050441	0.07084542	0.0002795071	9.082042e-06	0.07684425	0.006467324	0.1585488
PTP4A3	0.08264772	0.15837942	2.31543427	0.6972026	0.27687434	0.01838559	0.19939027
NELL2	0.03006805	0.513733599	0.002636186	0.002067062	0.807073654	0.018927318	0.744873206
JAG2	0.001730743	0	0.006688566	0.413257417	0.026662313	0.00127437	0.001741705
TMEM121	0.071670874	0.115104934	0.001851026	0.000220242	0.161517839	0.076396319	0.82031429
ROBO2	0.0317501322	0.0571188869	0.0005379312	0.0022323914	0.3157168309	0.0076499768	0.0133881271
SEMA4B	0.176835503	0.021731479	0.018518583	0.001856955	0.018775444	0.004200033	0.040485945
ADSS1	0.038819915	0	0.245317567	0.004695418	0.115909169	0.90171842	0.074304257
SH3BGR	0.003228425	0	0.4400501	7.904704e-05	0.002731759	0.0001623562	0.003700816
GPRIN3	0	0	0.0016725925	0.0001574087	0.3720921319	0.0001625234	0.0120398388
SV2B	0.0106090797	0.1812053306	0.0007213272	0.0025196623	0.3181206207	0.0090865262	0
PRKG1	0.0158537517	0.1392817072	0.550087888	0.0434185781	0.0722139637	0.0004734076	0.1725913636
NR2F2	0.115231753	0.027200607	1.176284506	0.131650215	0.10554447	0.005627466	0.113125464
LSAMP	1.433571162	1.275160226	0.200012643	0.005978245	0.517450319	0.090575179	1.086059625
OLFML2A	0.042168251	0.001332413	0.8749591948	0.0441629883	0.004003169	0.0004327678	0.0270596863
DBX2	1.033131637	0.630238134	0	0.002132888	0.045391159	0.027895953	0.409593639
NDUFA4L2	0.0025526106	0	0.794947669	0.0278260424	0.0003108255	0.001935765	0.0009275556
SHC4	0.005304611	0	0.01130595	8.740386e-05	0.02109985	0.02742815	0.5102276
ZFP36L1	0.4068207	0.43402784	1.01306809	1.08642325	0.07052976	0.0227736	0.72641415
NTF3	0.002544411	0	0.2810873	0.001932802	0.1046836	1.213679e-05	0
ADARB2	0.002119152	0	0	2.039946e-05	0.05134371	0.002978298	0.2064222
C11orf87	0.0370033283	0	0.0158382518	0.0008432802	0.9305395568	0.0047286189	0.102386089
KCNIP4	0.0137744016	0.0003438243	0.0004227823	0.0001827313	0.2323002944	0.0035182882	0.0317399182
LAMP1	2.1250553	2.2729188	2.0228269	1.5510702	0.8556965	2.9828736	2.4622926
RTN4RL1	0.0024780619	0.0104734214	0.342544509	0.0057811981	0.1203401742	0.0011581236	0.0002925035
SLITRK2	0.273036149	0.110793557	0.001049738	0.000128443	0.115232168	0.003904485	0.29806016
CYP4F2	0.7173587	0.05180099	6.893765e-05	6.593447e-05	0.0001493982	0.005099427	0.02401314
NAP1L2	0.0112420727	0.1215516067	0.0014181659	0.0002106555	0.6558185725	0.0070878672	0.1855723999
RGS7BP	0.169953516	1.031937742	1.394628358	0.005481254	1.545830656	0.021708239	0.428525085
MYT1L	0.020307115	0.062551308	0.009245589	0.002601234	1.03109329	0.023720397	0.146416577
PRR5	0.187590697	0.236868429	0.007362931	0.011694309	0.011694596	0.001336857	0.037148969
MAPT	0.62375041	0.62751941	0.04807777	0.02092076	1.3919502	2.2317517	1.36664377
KANK3	0.03163917	0.03086512	0.02208623	1.16745738	0.06027402	0.01577609	0.0484819
EMID1	0.050973796	0.451153906	0.226970451	0.007983344	0.11616125	0.017159896	1.327563533
VSTM2B	7.400085e-05	0	0	0.05556059	0.09258961	0.003253032	0.4795477
MT1X	2.9954091	3.2884844	0.8572168	1.2746755	0.5856055	1.0531169	0.6704137
FNBP1	0.39907214	0.23782945	0.24375149	0.0262998	0.17527559	0.94731343	0.09676345
BCAM	0.045716995	0.042088096	2.830952163	1.41396732	0.013864102	0.003955281	0.159619362
LUZP2	2.055379939	2.323033378	0.001563926	0.006336824	0.15669682	0.180367567	1.682471418
LHFPL3	0.0040640714	0	0.0003660625	0.0012325567	0.1595137849	0.0190582841	2.10201414
C11orf96	0.035368277	0.006774236	1.777673459	0.029642544	0.151295273	0.037877341	0.316939774
COL4A1	0.038901838	0.058055315	0.845433086	0.807742808	0.021304312	0.008929293	0.052242065
GJA4	0.0062555173	0	2.2580454775	0.1501351689	0.0031225304	0.000719121	0.0001113538
ERC2	0.0061966361	0.0035976541	0.0015699128	0.0001893393	0.4204502007	0.0052858561	0.1059091814
SPRY4	0.049497535	0.105936597	0.356947707	0.045457692	0.06524855	0.003446547	0.548967355
TRPV2	0.00602278	0	0.792554159	0.005607779	0.070076231	0.015298531	0.042610719
THSD4	0.0052134454	0	0.4156036213	0.0003478393	0.0125028989	0.023928844	0.0072793573
GABRD	0.005919843	0	0.011666033	0.004141414	0.591553857	0.006319571	0.012197715
SEMA4D	0.104519257	0.131425455	0.001133805	0.002530041	0.043784717	0.909314944	0.156463658
DNER	0.5798278586	0.0014448954	0.0002138182	0.0086817122	0.60824466	0.1900947001	1.5776240845
CPSF4L	0.0054421686	0.5161358116	0.004517594	0.0015008	0.0047147269	0.0008763229	0
NWD1	0.429670736	0.286165854	0	0	0.008319388	0.005685588	0.034153608
PRKAR1B	0.02527579	0	0.49020501	0.0129742	0.86085356	0.02343091	0.29705718
NKAIN2	0.039624094	0	0.003997162	0.000409372	0.20953004	0.583995819	0.022157
VWC2	0.0004768468	0	0	1.995684e-05	0.01699388	0.002609292	0.2069837
FZD9	0.247540599	0.233225356	0.02354737	0.003990663	0.043000634	0.00767746	1.016085885
PRELP	0.64218701	0.218187881	1.447511321	0.027855483	0.001539582	0.006257339	0.030858147
APOD	0.10699508	0.20757807	0.02731664	0.56083234	0.01681462	2.62355695	0.1580507
LITAF	0.09694625	0.12499631	1.27877524	0.36036836	0.06483481	1.88220488	0.48027192
GRAPL	0.0008891649	0.0002724097	0.1513649082	1.3438056422	0.0011596426	0.0097640233	0.0006054511
PCDH18	0.008832925	0	0.2649016772	0.0146492435	0.0554983225	0.0002342847	0.003695358
KAZN	0.05591117	0.23603419	0.10879365	0.03866349	0.29904277	0.88880561	0.56371961
SH2D5	0.0163934761	0	0.0002055147	0.0051128961	0.3640837392	0.0004329818	0.0034750645
IL1RAP	0.02805208	0.01067459	0.0234985	0.02307822	0.04395107	0.53467194	0.34964772
MYBPC1	0	0.6955971269	0.0005554862	0.0011600627	0	0.0119860696	0.0020085917
MYT1	0.0020731998	0	0.0001141944	0.0004498259	0.1113848294	0.0001737396	0.3380660364
TMEM63A	0.084244304	0.022769577	0.29760567	0.062887584	0.005116794	1.541238057	0.063321202
SEMA4A	0.43027092	0.01365273	0.01190918	0.00421719	0.05599003	0.01230447	0.04518435
NLGN3	0.1820902077	0.2548991943	0.0350747221	0.0005168579	0.2322954872	0.0617859155	0.8790422535
ELAVL3	0.115400044	0.084259019	0.001307504	0.006107223	0.826237617	1.125442652	0.310712988
SLC35F1	0.030461571	0.003874917	0.033751395	0.002013647	0.359006803	0.009804961	1.049695312
SULF2	0.0326167528	0.0002724097	0.0524127146	0.0028431141	0.0651291463	0.6606174782	2.101742696
CRACDL	0.008818665	0	0.002373095	0.002959504	0.285373154	0.002766946	0.02212417
SCN8A	0.065363587	0.212972767	0.002430258	0.006501899	0.720624523	0.019197455	0.182717878
FLNA	0.04564202	0.12242005	2.07196665	0.13965315	0.10799558	0.01177985	0.04883243
SLC39A10	0.12016031	0.02909152	0.07876374	1.18148701	0.49729862	0.02791802	0.26184091
SLC6A17	0.002572533	0.009377072	0.343191482	0.007866806	0.423304077	0.002487867	0.010431608
SLC22A4	0.159081107	0.864660982	0.004141296	0.005593652	0.033473873	0.003247302	0.029417099
FAM110D	2.652822e-05	0	0.01368413	0.7721329	0.001595247	0.0001463852	0.0001829181
KANK2	0.03815416	0.12654059	0.70502252	0.13346459	0.02364998	0.01453983	0.02095736
FBXL22	0.004831343	0	0.947326429	0.012841177	0.017680032	0.004134394	0.01159547
ADARB1	0.02330471	0.03459601	0.07973033	0.04195473	0.46518799	0.01035431	0.03514409
OPALIN	0.064636696	0	0	0.005203098	0.010713338	1.996549708	0.082629778
STMN3	0.106933301	0.331751144	0.007264171	0.001225453	2.01413466	0.075147015	1.2610992
S100A10	0.18015233	0.57171563	0.05956512	0.25309664	0.12765604	0.05806214	0.02510464
OCLN	0.01516969	0.09332171	0.04894661	1.06316027	0.02278787	0.00384692	0.0164204
HES5	0.481907148	0	0	0.000593862	0.187276119	0.005209555	0.772267499
MBP	0.8538246	0.6378726	0.247431	0.3182246	0.3462096	4.6939795	1.0405874
ELOVL2	0.3140745	0.6450439	0	5.226087e-05	0.04795232	0.003247449	0.006450468
	0.070300536	0.112897956	0	0.003003685	0.044130672	0.002350911	0.420796631
DLGAP2	0	0	0.0008825286	0.0010344728	0.2770574928	0.0004414876	0.0086919618
AKR1B10	0.27043152	0.61487148	0.25989361	0.01977581	0.02568907	0.01284255	0.18419396
LPAR1	0.117269686	0.29222143	0.002859445	0.020203581	0.010106244	1.598687668	0.07204304
CACNA1E	0.005281303	0.096507689	0.001292816	0.009950395	0.458892009	0.001836722	0.123578891
DCAF12L2	0.0255459129	0	0.0021249239	0.0009832898	0.3733236855	0.0089437947	0.7596218341
ASPH	0.37113554	0.81977147	0.55752792	0.03800468	0.54784669	0.04500005	0.19006788
TPM2	0.008244432	0.033028429	3.469072983	0.02748132	0.094338187	0.010528027	0.02012187
PLN	0.021373641	0	2.061663785	0.011032402	0.004214514	0.002771027	0.00883078
ZNF536	0.0203502071	0.2124394716	0	0.0003805597	0.1560624798	0.5182802276	0.1838345494
RYR2	0.008109022	0.027866978	0.114760404	0.003282169	0.286175617	0.007366079	0.007306373
PPP1R14C	0.014031684	0.126492253	0.229132594	0.000291198	0.195291939	0.002736584	0.506994172
SMOC1	0.082648812	0.021869342	0	0.003178035	0.043122899	0.090306986	0.709230969
LRRTM3	0.003890951	0.028412364	0.021697328	0.001049878	0.544547127	0.02757086	1.034358374
PLXNB3	0.0130421655	0.1222158454	0	0.0003407938	0.0007551964	0.4781945664	0.3213584412
RCSD1	0.002670195	0	0.854623513	0.276272291	0.005688626	0.007843122	0.001085654
GRIN3A	0.0186971702	0.0448540522	0	0.0001075289	0.0200237984	0.00401004	0.3308990383
GJC2	0.0350000149	0	0.0002883544	0.0013896653	0.019567345	1.3578081522	0.0621553532
RASGEF1A	0.0051393703	0	0.0005410317	0.0079049508	0.6012244093	0.0113361776	0.036860024
MFAP3L	0.4526497	0.15065335	0.03384707	0.01519987	0.09340402	0.02443103	0.12132523
TGM2	0.015981774	0	0.979073801	0.94801563	0.005116716	0.001286452	0.07188942
RORB	1.031718982	0.335114396	0.014746272	0.000912381	0.068060332	0.02348603	0.118667122
SGMS1	0.1353945	0.1703068	0.1800548	2.2908073	0.1667765	0.1493367	0.3257603
DDO	0.1229436025	0.4716082403	0.0659226292	0.0001947149	0.0180587123	0.0013403253	0.0039893446
SOX18	0.0008151125	0	0.02800362	1.42304	0.005064546	0.0005830187	4.682337e-05
TCEAL6	0.0098002569	0.0207669491	0	0.0001294001	0.3047106955	0.0011080526	0.110111059
NEU4	5.963804e-05	0	0	0.0049997	0.02660543	0.02495303	2.360896
ZDBF2	0.0176365095	0	0.0007721634	0.0002969883	0.292890223	0.000547882	0.0050854491
BTBD17	1.245761229	1.5185023207	0	0.0002347946	0.0527776821	0.014442636	0.0727690093
DDR1	0.30160303	0.13277008	0.11566216	0.01334022	0.12773614	0.74915267	0.37179691
MOG	0.086465119	0	0.002221833	0.010343165	0.02163311	2.869874112	0.174925212
GPR20	0.0002390977	0	1.7070458412	0.0037140006	0.001626823	0.0005852083	0
LRRC10B	0.020306096	0	0.594810335	0.00098432	0.391419796	0.006941225	0.001503746
AARD	0.01187895	0.175047173	0	0.003131607	0.021641578	0.002057273	0.059170437
TMEM88B	0.0502672039	0	0.0009265983	0.0113700078	0.0047951132	1.5314518089	0.108503879
LGR4	0.68103884	0.51462907	0.10965067	0.02388359	0.12551409	0.07715254	0.07042347
CTXN3	0.0027829162	1.0183067424	0.0008818831	0.0010256785	0.4247418392	0.0069517895	0.000102745
OLIG2	0.13538869	0	0.00363256	0.001394666	0.073317576	0.90716546	2.334090413
ATP10A	0.005649935	0.014454417	0.131209431	0.523501062	0.008808107	0.001015489	0
VGLL3	0.0013268483	0.0077503402	0.1821892069	0.0066846118	0.0017161025	0.0002247455	0.0001523445
DIO2	0.70783889	0.220529531	0.00058619	0.001329548	0.001391809	0.016712822	0.195519339
SLC48A1	0.9450158	0.2780018	0.9926139	0.4145232	0.4464132	2.3742542	0.6782982
CRIP1	0.05193739	0.01732424	3.22568935	0.7117364	0.02038629	0.04572199	0.03340982
TRIM59	0.02829679	0.02078789	0.0109938	0.00284915	0.0941532	0.78235595	0.03949996
GIMAP1	0.000686458	0.0009721012	0.0119427816	0.7869219687	0.0045155312	0.0178065554	0.0012615901
LCAT	1.21334604	2.37314745	0.11269975	0.06348896	0.00477589	0.04674883	0.16935867
S1PR3	0.0160847888	0	1.1682939153	0.0345618148	0.0119778127	0.0008903918	0.0332017167
TTLL3	0.05991932	0.530838836	0.006411937	0.010873477	0.041799563	0.003558098	0.010276105
PPP1R3G	0.5524296089	0	0	9.24347e-05	0.0007678153	0.0052818825	0.0036783695
FADS3	0.188248686	0.001476511	0.833130207	0.003732639	0.082737699	0.002607706	0.05258198
CKMT1A	0.018274319	0.000480122	0.013544264	0.00535229	0.884485527	0.014578375	0.070863841
ELFN1	0.003061146	0	0.001331931	2.315993e-05	0.0111272	0.000792832	0.2105439
HLA-B	0.2542181	0.3116233	1.3225878	3.1773699	0.4288991	0.3972882	1.5122873
C12orf75	0.002007334	0.086402585	0.426677865	0.001594157	0.115772969	0.002367975	0.063558745
KIAA0040	0.0701653846	0.0002724097	1.400942065	0.3131509877	0.0149237462	0.0126673125	0.0084711816
SHISA9	0.1468199966	0.3925504681	0	0.0008130452	0.2947839054	0.0033499838	0.306309927
ARHGEF25	0.024241821	0.150159952	0.882909771	0.065241295	0.122503783	0.006584427	0.074117457
PDXP	0.116420552	0.047212372	0.033885854	0.003066375	1.044108223	0.033404319	0.54800287
PLEKHO2	0.179882249	0.346823052	0.060551628	0.015832793	0.003438865	0.043243576	0.039258566
IL10RB	0.05706388	0.06221676	0.21792617	1.27341568	0.03016219	0.0168445	0.13074325
DBNDD2	0.6227626	1.1476519	1.2871243	0.1967119	0.5639013	2.8323742	0.3752306
ETV5	0.23062288	0.76450282	0.07300154	0.0115893	0.20175466	0.03152032	0.83575434
PCP4L1	0.09822132	0.08844473	2.8953766	2.41979641	1.10432222	0.01772259	0.01155472
CHCHD10	1.23648082	0.96877922	0.26816999	0.02576961	1.35089543	0.08171442	0.09873974
TMEM200B	0.0023365688	0	0.7291300083	0.0266950077	0.0320059451	0.0001813829	0.0201482376
TRNP1	0.0108285776	0	0.0306646356	0.0006431835	0.2895942726	0.0034196702	0.170650056
SALL3	0.2941927985	0	0.0004127113	0.0024194426	0.0864468338	0.0031063153	0.3357045927
TMEM179	0.011841414	0	0.001365233	0.002479155	0.393876087	0.007520543	1.085078375
FXYD1	0.77642097	1.44180711	1.40202312	0.01236304	0.05430332	0.03101035	0.01200201
S1PR2	0.040550165	0.177186558	0.034509606	0.008510812	0.018568788	0.016074874	0.529578788
MUSTN1	0.0011961954	0.0003437559	2.0387104806	0.0352014145	0.0027327339	0.0029967449	0
